0 0.127701563745
1 0.061697495445
2 0.0644151445062
3 0.00618472596012
4 0.00399526984085
5 0.0213261619346
6 0.13244069419
7 0.0147954303873
8 0.0543219449388
9 0.091267078685
10 0.18859225549
11 0.140093841983
12 0.0104042145996
13 0.0754099474971
14 0.196734677626
15 0.0509272852966
16 0.135101061546
17 0.00984139345081
18 0.0797883661387
19 0.0491268281177
20 0.00364845488638
21 0.0386630251982
22 0.0955212254081
23 0.10755842188
24 0.131484085636
25 -3.54897438074e-19
26 0.0168620635525
27 0.06752359608
28 0.0279453589657
29 -1.40686059027e-18
30 0.0680854009565
31 0.0486543274392
32 0.102336860641
33 0.0969786820466
34 0.0654177594231
35 0.0952099526893
36 0.0308860965303
37 0.031322080477
38 0.0347944986661
39 0.00291296966701
40 0.012723067176
41 0.0243212276256
42 0.0181219159511
43 0.0234600173993
44 0.166482580219
45 0.421115455958
46 0.0525443928647
47 0.0816713631866
48 0.0290898568081
49 0.0267623462188
50 0.0517759588202
51 0.0719228963795
52 0.0104959962804
53 0.0213195392173
54 0.0367021484083
55 0.15444993824
56 0.014507473731
57 0.0417466796188
58 0.0170002882133
59 0.0104042145996
60 0.021299929263
61 0.0130185632272
62 0.0369645999813
63 0.0349771641693
64 0.0761844221587
65 0.00565791519502
66 0.049855732039
67 0.0502379877816
68 0.0123640016376
69 0.0171256070506
70 0.00127185098488
71 0.00388434116141
72 0.000594694124523
73 0.00242336595575
74 0.00796345325064
75 0.0108847298808
76 0.117692768647
77 0.00307110539676
78 0.025412715894
79 0.00871340436149
80 0.132983156986
81 0.0508878912984
82 0.0378659744473
83 0.00446924791047
84 0.000331913335384
85 0.0254896763112
86 0.0441498743472
87 0.00528375475696
88 0.0178014377928
89 0.051814869059
90 0.0115139598696
91 0.00802158471521
92 0.0245659886287
93 0.0419917405342
94 0.0160986731319
95 0.0179893930519
96 0.0686244842992
97 0.0329139431477
98 0.00416169605593
99 0.0451528153267
100 0.00335332070122
101 0.0374887848268
102 0.0135970601573
103 0.0262238827604
104 0.0622132696949
105 0.0717145034777
106 0.00461879311707
107 0.0094402171154
108 0.000757331536199
109 0.0920983298464
110 0.00683986453
111 0.0350214650119
112 0.0694067955717
113 0.0557096444566
114 0.0612933098848
115 0.019841739423
116 0.0704571787472
117 0.148209461924
118 0.0170917113531
119 0.0919744247522
120 0.064682901844
121 0.0154285756482
122 0.125409475856
123 0.0100991457681
124 0.000613975754811
125 4.559754677e-05
126 0.060745987073
127 0.00194754387496
128 0.0434531933837
129 0.0518912903783
130 -1.27674870119e-20
131 3.91182091018e-19
132 0.00310106086391
133 0.0771280583414
134 1.15368673875e-18
135 0.00238289020793
136 0.00330196179512
137 0.000245223620324
138 0.0333770735382
139 0.0026948891163
140 0.0049570843972
141 0.0116696034229
142 0.0267683454323
143 0.0151358995987
144 0.00121426170126
145 0.00569057643605
146 0.0329616666989
147 3.32909214984e-19
148 0.00765328423954
149 -2.59021784403e-19
150 0.0353088521065
151 0.00709398296096
152 0.00665878808726
153 0.0896612807401
154 0.00665878808726
155 0.0548868730339
156 0.0915201724411
157 0.00994425459097
158 0.0370100975553
159 0.0207616946804
160 0.0208389516661
161 0.0211804470144
162 0.0127084326725
163 0.0333931087057
164 0.0161700579202
165 0.00768646289176
166 0.0587134005207
167 0.0552263144381
168 0.0473752617476
169 0.0487989490909
170 0.0432489185546
171 0.0105103823921
172 0.0930772665285
173 0.0396605602493
174 0.074275955798
175 0.0190404106265
176 0.0636093547395
177 0.00561695674469
178 0.0191220688423
179 0.0501399166872
180 0.090159339574
181 0.00551618095966
182 0.0511155582955
183 0.00711945405984
184 0.0439573079336
185 0.0267158096107
186 0.00491057180389
187 0.0490565391491
188 0.00815459859065
189 0.0212591711155
190 0.00618920250722
191 0.0210535195992
192 0.00763662129516
193 0.00085509618181
194 0.000293959678069
195 0.0150293865404
196 0.0339566825123
197 0.0277144931068
198 0.00533053900687
199 0.0145082235132
200 0.0137369917311
201 0.0142455542688
202 0.0223945482427
203 0.0104044366972
204 0.0550710848429
205 0.0170662350956
206 0.012029416127
207 0.0149202127497
208 0.00738849210472
209 0.0325420181416
210 0.00746253119734
211 0.000596130637551
212 0.0139189941282
213 0.0177287545822
214 0.0711540831997
215 0.0158543289488
216 0.0248879484448
217 0.0294062434303
218 0.0107484591804
219 0.00364535317216
220 0.0112776554764
221 0.00425395026351
222 0.0337707315368
223 0.0181957872261
224 0.0578454472362
225 0.0576445777368
226 0.0126685679789
227 0.00599350318712
228 0.0438816029496
229 0.0476560379911
230 0.0193974242004
231 0.0129033044485
232 0.00103515409239
233 0.0414417282505
234 0.00539614759556
235 0.0318897616445
236 0.0121331283588
237 0.0144559691098
238 0.0114703849905
239 0.000931494738376
240 0.00760015318652
241 0.00311252392792
242 0.011665700556
243 0.0104425942567
244 0.0330767258551
245 0.00492592497068
246 0.0160542160373
247 0.0093156635118
248 0.0261293914463
249 0.00393224788339
250 0.012023557585
251 0.0551464671138
252 0.00717109557006
253 0.000532568856482
254 0.0107259754104
255 0.0399413311878
256 0.0224640453757
257 0.0377548732987
258 0.0101547543766
259 0.000754153374942
260 0.0386550492672
261 0.013824583196
262 0.00364845488638
263 0.000578219736412
264 0.00882749454366
265 0.0859257996364
266 0.0230757320513
267 0.0607692005208
268 0.0334424137423
269 0.0148298458657
270 0.0185085377156
271 0.0446823708926
272 0.031527654196
273 -1.37138228348e-20
274 7.27659578552e-19
275 0.00214698121097
276 0.000160332091046
277 1.19072291746e-05
278 0.0101160799189
279 0.013152807913
280 0.00370236893658
281 0.0477051746655
282 0.0410120304203
283 0.040176047796
284 0.0686167212181
285 5.4151348441e-19
286 -9.78710148321e-19
287 0.00551618095966
288 0.00274233847603
289 0.0106070134975
290 0.00135132902653
291 0.0181064376846
292 0.00751314401999
293 0.000605609729234
294 0.00849098626165
295 0.0436356033665
296 0.058200436321
297 0.0145147260339
298 0.0538324892732
299 0.0453841492278
300 0.00468714531594
301 0.000564430428526
302 0.00322709651332
303 6.91784236857e-05
304 0.00307799106232
305 0.0290598088285
306 0.0042959521856
307 0.0456715563162
308 0.0140438455194
309 -5.42957926677e-19
310 0.000963247042625
311 0.0145590241325
312 0.0219939437228
313 0.0111003086521
314 -7.38967708102e-20
315 0.010334626341
316 0.0112864719581
317 0.0212149024349
318 0.0256744202737
319 0.0185895475778
320 0.000796575697975
321 0.00546116571925
322 0.0198292045154
323 0.00363345519794
324 0.0123158195162
325 0.0286667713557
326 0.000147639321126
327 0.00699116790266
328 0.00443047326568
329 0.0872633850152
330 -5.60812242398e-19
331 -6.5664680696e-19
332 0.00399792569681
333 0.00399792569681
334 0.0253451157479
335 0.0151233464671
336 0.0204442759709
337 -6.06538742681e-19
338 -1.42897582875e-18
339 0.050007115636
340 -3.46263224938e-19
341 0.00154103532698
342 0.00523523968326
343 0.00413733457509
344 0.0337156141806
345 0.000976806932958
346 0.012037617661
347 0.0392171091677
348 0.00269827969464
349 0.0363326193965
350 0.00798278694981
351 0.0350210900426
352 0.0356700840032
353 0.00737797921541
354 0.00206830689604
355 0.00237235193145
356 0.0180775084673
357 0.0204719903034
358 0.00425638947692
359 0.0105765822796
360 0.00707086596937
361 0.00347950953872
362 8.62254575011e-20
363 0.0314480263175
364 0.00219209280012
365 0.00406992966972
366 0.000302257551722
367 2.24474708377e-05
368 0.0337835466366
369 0.0109797364631
370 0.000815421525973
371 0.0193056475219
372 0.000547933285161
373 0.0122986910534
374 0.00643901349401
375 0.00963878604395
376 0.000715834451118
377 0.0584064092792
378 0.0312745764766
379 0.000780564458674
380 0.0114703849905
381 0.015047968189
382 0.0419243007923
383 0.0100334205777
384 0.024396956339
385 0.032484893164
386 0.0368407409067
387 0.066781329434
388 -7.13175265603e-20
389 0.034318609737
390 0.0163506018053
391 0.0169108175568
392 0.0499548714696
393 0.00421685923943
394 0.0114764711066
395 0.000852312039908
396 0.00110346793932
397 8.1950191971e-05
398 0.0140059996226
399 0.00188228133057
400 0.000139789576921
401 0.0140501869639
402 0.0157828335735
403 0.0312745764766
404 0.000343019465388
405 -1.1204653613e-18
406 -9.2382330488e-19
407 0.0107576751457
408 0.00435792116928
409 0.00318503949516
410 0.0071211790548
411 2.31015467746e-19
412 0.00983584563437
413 0.000730469286158
414 0.00951532104365
415 4.10488608182e-19
416 0.013658268044
417 0.00879708642612
418 0.000653324755271
419 0.0146107050548
420 0.046768337306
421 0.0404120681435
422 0.0326457599438
423 6.21267813097e-19
424 0.00789391148345
425 0.0330989270204
426 0.0568583101122
427 0.0140987736194
428 0.0316150549375
429 0.00216038841264
430 0.0230071996919
431 0.00234792487301
432 0.0193402056294
433 0.00143632044721
434 0.00234792487301
435 0.00107795119595
436 0.00409965944127
437 0.000387884383644
438 0.0092804761806
439 0.00112324451075
440 0.0129144554747
441 0.00450564789049
442 0.0503156712644
443 0.00373674555675
444 0.0266357565842
445 0.0333608966317
446 0.0396569608324
447 0.0521054643548
448 0.0146185529831
449 0.0135375255704
450 1.02433358945e-18
451 0.0337835466366
452 0.00709749397821
453 0.00250897016006
454 0.000302725496946
455 0.00384519532794
456 0.00784830766323
457 0.000629622266787
458 0.00198797896047
459 0.0160386020687
460 5.88368222689e-19
461 -1.14092261477e-18
462 0.000730881300505
463 5.8634187257e-05
464 0.00509646856228
465 0.00908825188353
466 0.00677712401276
467 0.00683057612848
468 0.0312111363468
469 0.00478385757304
470 0.00645898153748
471 0.00125521307107
472 0.00280914206987
473 4.80256236595e-19
474 0.000785480862042
475 0.0415196702218
476 0.00308350140861
477 0.00853015135411
478 0.00247878301346
479 3.13731788594e-19
480 0.00592556583578
481 0.00302411785978
482 -6.73903108486e-19
483 3.00548194962e-19
484 0.000525125201144
485 0.011006929539
486 0.00707180088139
487 0.000525194633355
488 0.00637174995429
489 0.0204867054947
490 0.00152146644984
491 0.00480374284968
492 0.000356754949267
493 0.000761606436484
494 0.0100275447472
495 0.0146107050548
496 0.0316842413816
497 0.000502884606753
498 0.0234894670179
499 0.0139550757403
500 0.0136082567614
501 0.0146107050548
502 0.000527102757861
503 0.028092519944
504 -4.67849757496e-19
505 0.00592556583578
506 0.00669577694357
507 0.0051891180913
508 0.0051680051038
509 0.00832248683815
510 0.00665878808726
511 0.00455201128425
512 9.35253372033e-19
513 0.0113495082109
514 1.6600869164e-19
515 4.05501919125e-19
516 0.0388962792397
517 0.0146265570413
518 0.00377924207157
519 0.011006929539
520 5.4279658475e-05
521 0.00948388919239
522 0.00425319841616
523 0.0224773145295
524 0.0226434241163
525 0.00707383821529
526 0.000779496059154
527 0.0422569560068
528 0.00572799531568
529 0.0104042145996
530 0.0103571166257
531 0.00260087760574
532 0.0117948807289
533 0.000798245478495
534 0.0146107050548
535 -3.92166611857e-19
536 0.0283254461062
537 1.19072291746e-05
538 0.00479219636944
539 0.0445940336322
540 0.004611524581
541 7.41776374079e-19
542 0.000838201555918
543 0.00198693806408
544 0.0123911526637
545 0.0505598372594
546 0.0312745764766
547 0.0432253258022
548 0.000738520389854
549 5.88206607473e-19
550 1.8829202654e-18
551 0.00690277044217
552 0.0014709187115
553 0.000647110019875
554 0.0040342756299
555 -5.61206770621e-19
556 1.50341312705e-19
557 2.39717072291e-05
558 -7.27720879811e-19
559 0.00635389208406
560 0.0203790731016
561 0.0209558579715
562 5.97561227939e-19
563 0.00421531891486
564 0.00467097579877
565 0.0461624437572
566 0.0129702225659
567 0.0133044340017
568 0.000365828931315
569 0.00032278155477
570 0.00432231581848
571 0.0337835466366
572 0.00260087760574
573 0.0144602723635
574 0.00400997079419
575 0.0277008845413
576 0.00422420156707
577 0.00108124104023
578 1.5881984202e-19
579 0.0135515718415
580 0.00254870717663
581 0.000189282384164
582 2.42692916021e-19
583 0.00370995038546
584 0.053643300746
585 0.0111219512943
586 0.00417610487727
587 0.00326453510367
588 0.0146107050548
589 7.87522506256e-20
590 0.00484123800783
591 0.0160046126299
592 0.00528433185048
593 2.86237937129e-19
594 0.0141002734392
595 0.0067026153042
596 0.0207438713719
597 0.0152042630873
598 0.000352317593786
599 0.00186461249176
600 0.000138477382266
601 2.61652318266e-05
602 0.0031831138891
603 0.00948388919239
604 0.000236397257213
605 -8.23675047249e-19
606 -3.22141024603e-18
607 0.0168510845333
608 0.0164391169261
609 0.0010862564418
610 0.0218745995901
611 0.012884148729
612 0.000956854679782
613 0.00157883441102
614 0.0034473212944
615 0.000553767533002
616 -1.49068191345e-19
617 0.00679684060906
618 0.0163845308754
619 0.0104150188034
620 0.00180624121632
621 0.0322843762636
622 1.19072291746e-05
623 0.0458852815314
624 0.0140188011673
625 0.00847596020838
626 0.000787740868026
627 1.49924900946e-19
628 0.0134160803708
629 0.00413203364812
630 0.000785480871768
631 0.00759739456712
632 0.000729182963575
633 4.37103170408e-19
634 0.000525125201144
635 0.0456456096683
636 0.00319274071361
637 0.00379614999743
638 0.000281925020161
639 -4.2439294764e-19
640 5.23657971913e-19
641 0.0101609748779
642 0.00458202854445
643 0.033019046128
644 0.011396303184
645 -2.63949051882e-19
646 -1.92112491098e-21
647 0.00342830180466
648 7.7952785756e-19
649 0.00340771806425
650 0.00608174895961
651 0.00971308516501
652 0.0101412296067
653 0.0100334205777
654 0.00184832932624
655 0.00711008122712
656 0.000528037562968
657 0.00325891279445
658 0.000242026541602
659 0.0172649124171
660 0.00128219664253
661 0.000316105182858
662 0.0140059996226
663 0.000471878391295
664 -2.02639769891e-19
665 0.000202840431208
666 0.000866655211861
667 0.0108322047697
668 0.0029837158944
669 0.0273369894655
670 0.0067065649146
671 0.00157931104538
672 0.000117289174192
673 0.000215002248765
674 0.000200138737658
675 6.64245323883e-19
676 -1.66079526915e-18
677 0.0215873310706
678 0.00532595204417
679 0.00250897016006
680 0.0312745764766
681 0.00232263888668
682 -1.10306361426e-18
683 0.00837472827728
684 0.0119536412039
685 0.00121681419346
686 0.0312745764766
687 0.00331671205685
688 0.00284223269114
689 -3.90423556884e-19
690 0.0244684134064
691 1.47985419093e-19
692 0.00399792569681
693 0.00443397750138
694 -2.21951188621e-19
695 -7.75713400295e-19
696 0.00272572315029
697 0.000650641478139
698 -4.01912563524e-19
699 0.0267543296531
700 0.0104042145996
701 0.0135446199415
702 -1.18335443868e-18
703 0.0312745764766
704 0.0102337056274
705 0.00384519532794
706 0.00472401475956
707 0.0100334205777
708 0.00534142855935
709 0.000396686736642
710 2.94603522783e-05
711 0.000956854679782
712 -4.59064239445e-19
713 0.00361897779999
714 0.000268767143005
715 0.000615691586568
716 -2.59259126182e-19
717 0.0413079970543
718 0.00391179719645
719 0.00397991707935
720 0.00272004392349
721 0.00321894129353
722 -8.87943093083e-20
723 0.00948388919239
724 0.0104042145996
725 -7.91958173878e-19
726 0.00575843998317
727 0.000427656522912
728 0.00482933915152
729 0.0312745764766
730 3.25093243343e-19
731 0.00154056514066
732 0.00081984092587
733 6.08863373974e-05
734 0.00052886175466
735 0.00827748983875
736 0.00260087760574
737 0.000388800509529
738 0.00353922513086
739 0.00313825670278
740 0.0312745764766
741 8.1974868964e-19
742 0.000202006885526
743 0.0144384902295
744 0.0010722894648
745 0.00313825670278
746 2.98225416646e-19
747 0.00108124104023
748 0.00245812617358
749 -2.09803243406e-19
750 0.000364688712446
751 0.010055902801
752 0.00029691010193
753 5.61597590845e-19
754 0.0114703849905
755 0.000866655211861
756 0.011006929539
757 0.0116601140198
758 0.000329033696139
759 5.63604746068e-19
760 0.000525345938072
761 0.00476303012099
762 5.91478520768e-19
763 0.011006929539
764 1.24858810284e-18
765 4.41655764813e-05
766 0.00638136870547
767 0.00174446965138
768 0.00218388519357
769 0.000162188500887
770 3.36270827426e-19
771 3.02207704756e-19
772 0.0140059996226
773 0.00104017010093
774 0.00648070587211
775 0.0123640016376
776 0.00430347764931
777 1.36781580784e-05
778 0.00247997388182
779 0.000184177834676
780 0.0337835466366
781 0.0312745764766
782 0.00569641258618
783 0.000423049993886
784 0.00254870717663
785 0.00565235341143
786 -4.46817837231e-19
787 0.00109879799614
788 0.00233552031916
789 0.00166315437195
790 -1.60782346206e-18
791 4.30515987866e-06
792 3.19727167371e-07
793 2.37448699792e-08
794 1.76343741868e-09
795 1.30963509877e-10
796 0.000780564458674
797 5.79694297901e-05
798 -1.0401684831e-18
799 0.00766309031812
800 0.00155630854553
801 0.0312745764766
802 0.0183206554403
803 9.36390262413e-19
804 0.00948388919239
805 0.0567465088225
806 0.00458202854445
807 0.0312745764766
808 0.00638136870547
809 0.0116073023141
810 0.00337050095352
811 0.0157828335735
812 0.00117212851875
813 -5.12785482245e-19
814 0.00174446965138
815 0.0131931039117
816 0.00760015318652
817 0.000564433265753
818 0.000346894866412
819 0.00421433838355
820 0.00648070587211
821 0.00327883624827
822 0.000862028355342
823 0.00509646856228
824 -7.63736020276e-19
825 0.00976480210708
826 2.51100175217e-19
827 0.00311355171796
828 0.00145973798313
829 0.0312745764766
830 0.00833830763439
831 0.00134584289961
832 0.0183847247537
833 0.000751281176193
834 0.00229378802021
835 0.011006929539
836 0.00119112343154
837 0.00709398296096
838 1.29705826872e-19
839 8.02994882375e-05
840 -9.32806593074e-19
841 0.0312745764766
842 6.90789339007e-19
843 0.0312745764766
844 0.00232263888668
845 0.0056109019501
846 0.00683977806892
847 0.00125227865343
848 0.000108408956601
849 0.00104112082093
850 8.35228280292e-05
851 0.0312745764766
852 0.00291249932175
853 0.00679684060906
854 8.66598518852e-19
855 0.000400750502667
856 0.00948388919239
857 0.00409550962512
858 0.00874057563478
859 0.00874057563478
860 0.00108566201211
861 0.00339184553929
862 0.00339184553929
863 0.000251898929888
864 0.000211081361194
865 1.56761764025e-05
866 1.16420751322e-06
867 0.00260087760574
868 0.00152037361088
869 0.0114703849905
870 0.00409550962512
871 0.00188798784687
872 0.000140213377278
873 0.00296266124835
874 0.000220025113006
875 0.00234792487301
876 -1.22589551285e-19
877 0.0155109979053
878 0.00115194036066
879 5.61018562887e-19
880 0.00669577694357
881 0.00669577694357
882 0.00117743819701
883 -7.92428181643e-19
884 0.00948388919239
885 0.000738520389854
886 -7.41825516309e-19
887 0.0104042145996
888 0.00232616682058
889 0.0104042145996
890 0.00215815686825
891 0.0040762306013
892 0.000838201555918
893 4.45396522541e-19
894 0.00377924207157
895 1.30017926073e-19
896 0.00252182827558
897 0.002456477381
898 5.4279658475e-05
899 4.77026439725e-20
900 7.57841809001e-19
901 0.00110135389737
902 0.00931366490605
903 0.000370537842931
904 0.000395878012723
905 0.00720222249113
906 0.000534880529587
907 0.00122086808318
908 0.000179973788284
909 5.66920278287e-19
910 0.00331182219863
911 0.00269827969464
