0 0.0378824098414
1 0.0135237141507
2 0.0104701721977
3 4.42344961313e-05
4 0.000222937310601
5 0.00231535042275
6 0.0373484214657
7 0.00103510794596
8 0.00731324261316
9 0.0103858135855
10 0.0584704225362
11 0.0596520682544
12 3.32197704515e-05
13 0.0267536607286
14 0.0560344916848
15 0.00277262384258
16 0.0433978430832
17 0.00819898849882
18 0.00612193646503
19 0.00671380900826
20 0.0
21 0.00632585048132
22 0.021058820755
23 0.0153463199189
24 0.0152213734345
25 0.0
26 0.00381707821646
27 0.0110165607293
28 0.00190367309602
29 0.0
30 0.00568772832696
31 0.00476794740433
32 0.0242822577047
33 0.028091623014
34 0.00240366523678
35 0.0225654838838
36 0.00316446686632
37 0.00602997396787
38 0.00604942898434
39 0.0015027934607
40 0.000930268433118
41 0.00291975781523
42 0.00351792368442
43 0.000677692741878
44 0.0345180237281
45 0.282716488179
46 0.00268516723407
47 0.00947028283603
48 0.00317839615381
49 0.00535773653475
50 0.00986311382055
51 0.01490963818
52 0.00120944474903
53 0.000453329026913
54 0.0103338370767
55 0.0421920423808
56 0.00334801927621
57 0.00766489308394
58 0.00228022099281
59 3.51960209601e-05
60 0.00277005014454
61 0.00289158982424
62 0.0124658077691
63 0.0
64 0.00949909435435
65 6.74133787172e-06
66 0.00191319972082
67 0.00190440718711
68 0.00050547950483
69 0.00186539693205
70 0.0
71 0.000562328343001
72 0.00203117380493
73 0.00441472411838
74 0.00838511490381
75 0.000268113353018
76 0.00637397752971
77 0.0011160029109
78 0.00480584398666
79 0.00119363249001
80 0.0179083991379
81 0.00681842160837
82 0.0
83 0.000972244001882
84 0.0
85 0.000250637806051
86 0.00730984486251
87 0.00225008490228
88 0.000831606591138
89 0.0028159654067
90 0.00166134512088
91 0.00135236654992
92 0.00314987278412
93 0.00382976392253
94 0.000251081682896
95 0.000971689402214
96 0.0113547936316
97 0.00459984757448
98 0.00166107539088
99 0.00324504445133
100 0.0
101 0.00201179873535
102 0.000459862422877
103 0.00353075820836
104 0.00436903902639
105 0.00526854445358
106 0.00395597249796
107 0.00156512483405
108 0.0001287218623
109 0.0154143069423
110 0.00295122904329
111 0.00205673271098
112 0.0142460691251
113 0.00733725261222
114 0.00744459993177
115 0.00314377811872
116 0.0120076809136
117 0.0466545927996
118 0.00203341064558
119 0.00709473476129
120 0.0050743832082
121 0.000935381238683
122 0.0305439985545
123 8.60967057401e-05
124 0.00135905424856
125 0.0
126 0.00516925859629
127 6.23142553879e-06
128 0.0030867281386
129 0.00524997604697
130 0.0
131 3.20893553928e-06
132 0.000977865453555
133 0.0176993894859
134 0.0
135 0.00162871158888
136 0.001077298104
137 0.0
138 0.00752498076427
139 0.00194569426183
140 0.00108444011345
141 0.00298399778492
142 0.00276369229108
143 0.00180829591993
144 2.25296888461e-05
145 0.00104147309332
146 0.00487771068397
147 0.0
148 0.00152994045634
149 0.0
150 0.000694301078494
151 0.0
152 0.0
153 0.00788687585495
154 3.46625483107e-05
155 0.00642770133444
156 0.0253418878815
157 0.00231346304735
158 0.00135391476392
159 0.000551499646484
160 0.000368065868781
161 0.00169987164437
162 0.00213792220886
163 0.00853964063645
164 0.000836206473636
165 0.00173605357107
166 0.00793848807281
167 0.00263606837948
168 0.00202052138484
169 0.000186258253432
170 0.00460189922078
171 0.012655779725
172 0.0252847581019
173 0.0012577118169
174 0.0125092841401
175 4.6252048069e-05
176 0.0208890387459
177 0.000165871375355
178 0.000293800770838
179 0.0061831658602
180 0.0163068275262
181 2.40653831763e-05
182 0.00509215322912
183 0.000159041365868
184 0.00395192742468
185 0.00150352499075
186 0.00122130258662
187 0.00488354655723
188 0.000969831485748
189 0.00557016062682
190 0.000101372208046
191 0.00038675956366
192 3.56731073791e-05
193 0.000215835852307
194 0.000770778506608
195 0.00156554276636
196 0.00179146494319
197 0.001348628933
198 0.00301117822054
199 0.0038117684813
200 0.000101016330762
201 0.00170559964898
202 0.00705256185439
203 0.0013179856078
204 0.000244357646471
205 0.00317758231615
206 0.000268062036952
207 0.00155960099112
208 0.0
209 0.00224750623512
210 0.00227821122551
211 9.29104021333e-05
212 3.61983077769e-05
213 0.00232794369428
214 0.0183616795745
215 0.000971037743815
216 0.00273131554845
217 0.00285264191876
218 0.0018384973054
219 0.000132682255361
220 0.000245491666829
221 0.000299826777043
222 0.00110073279555
223 0.00508692314096
224 0.00776195815781
225 0.000132661683283
226 0.00121366234578
227 0.00163517891269
228 0.00435657214491
229 0.00343013712579
230 0.000730834359914
231 0.00230454502135
232 0.00010785136157
233 0.00209041221271
234 0.00179348841597
235 0.00164269195678
236 0.000119028319214
237 0.00141673815495
238 0.00287527880184
239 0.0019432817457
240 0.00022513833464
241 0.00318666575003
242 0.000772606734657
243 0.000784266239085
244 0.00244939186701
245 0.00187642730931
246 0.00194183698472
247 0.00248366144794
248 0.000864625452568
249 0.000936047520476
250 0.00047533504612
251 0.00465351508573
252 0.00129491568016
253 2.14168363662e-05
254 0.00278112233638
255 0.00341446232517
256 0.00292126076128
257 0.00596265080034
258 0.00125612444251
259 4.03977807844e-05
260 0.00375712557324
261 0.00123370682085
262 0.00132272337297
263 0.00108232460089
264 7.8602864545e-05
265 0.0120963170472
266 0.000731127518513
267 0.00222664253601
268 0.0023258401774
269 0.000995121343521
270 0.000278098612239
271 0.00316875494551
272 0.00118515818805
273 0.0
274 0.0
275 0.00388156106823
276 0.0039188023174
277 0.0
278 0.00161784504633
279 0.00186321576488
280 0.000123606099504
281 0.000915222744146
282 8.4031950079e-05
283 0.00165268828041
284 0.00911689256424
285 0.0
286 0.0
287 0.000865797183877
288 0.000266210153218
289 0.000974317273893
290 0.00108304995881
291 0.000162114542659
292 2.34879378289e-05
293 0.000144259149348
294 3.30013389161e-05
295 0.000559179250854
296 0.017649231218
297 0.00181735762594
298 0.0117896606317
299 0.00489991240526
300 0.000882716079355
301 0.000564934616849
302 0.0
303 0.00194810677796
304 0.00519061078978
305 0.0141622003795
306 3.73028860016e-05
307 0.00540575774648
308 0.000156840930375
309 0.0
310 0.000988775530388
311 0.00782433338103
312 0.000933288497322
313 0.00167160069833
314 0.0
315 0.000763738394754
316 0.00346536779622
317 0.000264255455487
318 0.00155343104921
319 0.00189168372398
320 0.0
321 0.000131090367715
322 0.000990462114948
323 0.00184044345425
324 5.64430561114e-05
325 0.00333932156487
326 0.000975686476826
327 9.52590390595e-06
328 0.00107253120934
329 0.0190689054234
330 0.0
331 0.000977069034149
332 0.00201065747286
333 5.89319206983e-05
334 0.0075506651401
335 0.000643515936483
336 2.48444888561e-05
337 0.0
338 0.000977069034149
339 0.00119922282887
340 0.0
341 0.000479238038929
342 0.00107429946613
343 0.000507219648098
344 0.00293938693216
345 0.000142724547258
346 0.000446837125582
347 0.00541338667777
348 1.39307323852e-05
349 0.00468239161791
350 0.00051282362639
351 0.0163645537133
352 0.0111759544921
353 0.00227583317589
354 7.91596616661e-05
355 0.000137802189899
356 0.00314511549178
357 0.00534793442598
358 0.00118889937896
359 0.00324144667331
360 0.00200032119032
361 0.000498768690361
362 0.0
363 0.000972244001882
364 0.000285409718752
365 0.00293929199267
366 0.000975539671243
367 0.00098036470351
368 6.93151652293e-05
369 0.000973033695487
370 0.000977858727755
371 0.00279963340949
372 0.000145041819693
373 0.000179398740432
374 0.000293962789894
375 0.00152590208039
376 0.0
377 0.0015940590998
378 0.000132696240151
379 0.000963818056126
380 0.0
381 0.00122281703426
382 0.00510323389782
383 0.0
384 0.00129617900973
385 0.00265139854992
386 0.00740013035559
387 0.000848523276949
388 0.0
389 0.00458056311093
390 0.000509983010456
391 0.000181357306363
392 0.00581694186728
393 3.012154785e-05
394 0.00202354465516
395 0.00202836968742
396 0.00198435914094
397 1.59059188913e-05
398 0.00186264027123
399 0.000986441542853
400 0.000991266575121
401 0.00165366472316
402 0.0
403 0.0
404 3.07832564729e-05
405 0.0
406 0.0
407 5.67871415063e-05
408 0.000408809168144
409 0.000126782603537
410 0.0054491651617
411 0.0
412 0.000969831485748
413 0.000974656518015
414 0.000242533829615
415 0.0
416 0.00256285346976
417 0.00193327403948
418 1.65688183442e-05
419 0.0
420 0.0
421 0.000210142254965
422 0.00718283490736
423 0.0
424 0.000974656518015
425 0.00301902589644
426 0.00176045642456
427 6.97355173215e-05
428 0.0135480496834
429 1.41722783006e-05
430 0.00569011352497
431 0.000462302308944
432 0.00416580690748
433 3.7121420668e-05
434 0.0
435 2.54995171012e-05
436 0.0014413784982
437 0.0009537560012
438 0.000884541976141
439 0.00126963795211
440 0.00316536326662
441 0.000123290863285
442 0.00503308683486
443 0.0
444 0.00153986148683
445 8.82676974857e-05
446 0.0036308379681
447 0.000737783384689
448 0.00125235716518
449 0.000653213152553
450 0.0
451 0.00111477554343
452 0.00178849450441
453 0.0
454 0.000975862776082
455 0.0
456 0.00134981746462
457 3.16746193278e-05
458 0.000970861444559
459 0.00440522952792
460 0.0
461 0.0
462 0.00291065045456
463 0.00102160007446
464 3.51160377222e-05
465 0.00115762982945
466 0.00140341724279
467 0.0
468 0.0019228314283
469 3.56630405221e-05
470 0.00250318459336
471 0.00300823091816
472 0.00469312529927
473 0.0
474 7.17651748701e-06
475 0.00289659234558
476 2.39255408598e-05
477 0.00109744846298
478 0.0
479 0.0
480 0.000197609242188
481 0.0
482 0.0
483 0.0
484 0.0010329022207
485 0.00129571028314
486 0.00203828932623
487 0.0
488 0.00199835306071
489 0.00110964179558
490 0.0
491 0.000991753885185
492 0.000996578917453
493 0.00419894238887
494 3.03239572502e-05
495 3.74006121108e-05
496 0.000218755851145
497 0.00110227318283
498 0.0117815158489
499 0.000987979793847
500 0.000470061725839
501 3.74006121108e-05
502 1.50895638133e-05
503 0.000874044793902
504 0.0
505 0.0
506 0.000293489847011
507 0.0
508 0.000386875656417
509 0.000138823023658
510 2.45220690877e-05
511 0.00198844905517
512 0.0
513 0.00317707529519
514 0.0
515 0.000977069034149
516 0.0044640717602
517 0.00129091057784
518 8.22258807885e-05
519 0.0
520 0.0
521 0.0
522 0.00200513574815
523 0.000135362788823
524 0.000974416921128
525 0.00102295120189
526 1.65156833653e-05
527 0.00856161000293
528 0.0
529 5.2920843766e-05
530 0.000168481247109
531 8.50764635453e-05
532 0.000525590268494
533 3.06046010419e-05
534 0.0
535 0.0
536 0.00210021312441
537 0.000383273116686
538 5.41930239404e-05
539 0.00354928319256
540 0.000690737131681
541 0.0
542 0.000110066507228
543 0.0
544 0.000444603526953
545 0.000404656106315
546 0.0
547 0.000104507557431
548 0.0
549 0.0
550 0.000977069034149
551 0.00273268705529
552 0.000226425194761
553 7.62108189385e-05
554 9.1440153856e-05
555 0.0
556 0.0
557 0.00101621931865
558 0.0
559 0.00218116970535
560 0.0023849564117
561 0.0060913736993
562 0.0
563 1.15121016298e-05
564 0.00264635628988
565 0.0053183743746
566 0.0027743411847
567 0.000422807618001
568 4.717735686e-06
569 0.00196067927682
570 0.00193725045536
571 0.000969831485748
572 0.00046141845476
573 0.000374768882359
574 0.00211562171422
575 0.00088595744076
576 0.00195760148452
577 0.000971037743815
578 0.0
579 0.000443923707568
580 0.000972244001882
581 0.0
582 0.0
583 1.71797880812e-05
584 0.0037320128501
585 0.00133501571862
586 0.0
587 7.27358267583e-05
588 0.0
589 0.0
590 3.84124870774e-05
591 0.000366883170814
592 0.0
593 0.0
594 0.00163061626777
595 2.68984102096e-05
596 0.00354060394577
597 0.000265749954703
598 0.00227200009258
599 0.0025685743051
600 0.000158980724897
601 0.0
602 0.00200638488816
603 0.000407119023933
604 0.0
605 0.0
606 0.0
607 0.000167048266172
608 0.00291331540108
609 4.55900548564e-05
610 0.00022795624902
611 0.00378677186308
612 0.00011279218663
613 5.08633999034e-05
614 0.0
615 0.0
616 0.0
617 3.82586988351e-05
618 0.000969831485748
619 0.000190983106558
620 3.39249943412e-05
621 0.00173679758478
622 0.0
623 0.00155624846657
624 0.004260397701
625 0.0
626 0.000979142306161
627 0.0
628 0.00179078400573
629 0.000235772780509
630 0.00684249662762
631 0.00482982069678
632 0.000251748680686
633 0.0
634 0.0
635 0.000343121120104
636 0.00104119650199
637 0.000969831485748
638 0.000974656518015
639 0.0
640 0.0
641 0.00117356233315
642 0.0
643 0.000173840621998
644 0.000389296271348
645 0.0
646 0.0
647 0.0
648 0.0
649 0.000211707928104
650 0.00138863596302
651 0.000305654692328
652 0.00106914499404
653 5.90106269573e-05
654 0.000318669845491
655 0.000969831485748
656 0.000974656518015
657 0.000969831485748
658 0.000974656518015
659 0.0019809736095
660 0.0
661 0.000122137499389
662 9.87801543029e-05
663 0.0
664 0.0
665 0.0027923270948
666 0.000373083450066
667 0.000298030646121
668 9.98277421841e-05
669 0.000107828357924
670 0.000957148193545
671 0.0010070795305
672 0.0
673 1.20625806685e-06
674 0.0
675 0.0
676 0.000977069034149
677 3.30009078669e-05
678 0.0
679 0.000974656518015
680 0.000972244001882
681 0.0
682 0.0
683 6.69543505124e-05
684 0.000807847101735
685 1.20625806685e-06
686 0.0
687 0.000252644631627
688 0.00296133525031
689 0.0
690 0.00450645139997
691 0.0
692 0.00151615034105
693 0.000199027699269
694 0.0
695 0.000977069034149
696 0.0
697 0.000735790767556
698 0.0
699 0.00353098793043
700 4.3196116948e-05
701 0.000299084836188
702 0.000977069034149
703 0.000237995553644
704 0.00126013700244
705 2.13483878067e-05
706 0.000129329040431
707 0.0
708 0.00193845671343
709 0.0019432817457
710 0.00194810677796
711 0.0
712 0.0
713 0.00146498376077
714 6.17834384665e-05
715 0.00103031679492
716 0.0
717 9.19732653602e-05
718 5.4498640974e-05
719 0.000233462476921
720 0.00199638134909
721 0.00383488941842
722 0.0
723 9.19957993207e-05
724 0.0
725 0.0
726 0.0010910182738
727 5.01729416848e-05
728 0.000772268584308
729 0.0
730 0.0
731 0.0
732 0.0022228031545
733 4.03447708561e-05
734 0.000113898533606
735 0.00303175101113
736 0.0
737 0.000374531238622
738 1.65218430345e-05
739 1.39841286943e-05
740 0.0
741 0.0
742 0.0
743 0.00206792886615
744 0.000140764478589
745 0.0
746 0.0
747 0.0
748 0.0
749 0.0
750 5.50565424331e-06
751 0.0
752 4.45402764374e-05
753 0.0
754 0.0
755 1.42852943118e-05
756 0.0
757 0.0
758 0.0
759 0.0
760 3.48400294933e-05
761 0.0016096040674
762 0.0
763 0.0
764 0.0
765 0.0
766 0.0
767 0.000185344854398
768 0.000972244001882
769 0.000977069034149
770 0.000913998299195
771 0.0
772 0.000969831485748
773 0.000974656518015
774 9.4884422152e-05
775 0.0
776 0.0
777 0.00194810677796
778 0.00193845671343
779 0.0019432817457
780 0.0
781 0.0
782 0.00115386039114
783 4.49812433454e-05
784 0.0
785 3.01898961455e-05
786 0.0
787 0.000487810724541
788 0.0
789 1.70886559471e-05
790 0.0
791 0.00581054510802
792 0.00581537014029
793 0.00582019517256
794 0.00582502020482
795 0.00582984523709
796 0.00580089504349
797 0.00580572007575
798 0.0
799 0.0
800 0.000224978795023
801 0.0
802 0.000549133715672
803 0.0
804 0.000260363196946
805 0.00817722421443
806 0.0
807 0.0
808 0.0
809 0.000999407281065
810 4.63241652129e-05
811 0.000972244001882
812 0.0
813 0.0
814 0.0
815 0.000108246468494
816 0.000969831485748
817 0.000974656518015
818 0.0
819 1.5335940384e-05
820 1.95702771822e-05
821 1.33854953484e-05
822 0.0
823 0.0
824 0.0
825 0.0
826 0.0
827 5.55277756989e-05
828 0.000242399681443
829 0.00175838223107
830 6.01935367768e-05
831 0.0
832 0.000866052632618
833 0.0
834 0.0
835 0.0
836 0.0
837 0.0
838 0.0
839 0.0
840 0.0
841 0.0
842 0.0
843 0.000969831485748
844 0.000974656518015
845 9.39973320856e-05
846 0.0
847 0.000111868902366
848 1.67450946501e-05
849 0.000972244001882
850 0.0
851 0.0
852 0.0
853 0.0
854 0.0
855 0.000235751658198
856 0.0
857 3.82714105707e-05
858 0.0
859 1.73042456746e-05
860 2.79931051773e-05
861 2.58179247269e-05
862 0.000971404231781
863 0.000976229264048
864 0.00193905984246
865 0.00194388487473
866 0.001948709907
867 3.62710827279e-05
868 5.98368974329e-05
869 0.0
870 0.0
871 0.00113806880095
872 5.09056948625e-05
873 0.00102857938216
874 2.93321753256e-05
875 4.20643263758e-05
876 0.0
877 0.000987738748289
878 4.16821647421e-05
879 0.0
880 8.9396663187e-05
881 0.0
882 0.0
883 0.0
884 0.000200049421885
885 0.0
886 0.0
887 0.0
888 0.0
889 0.0
890 5.21361908105e-05
891 0.000971037743815
892 1.92146288339e-05
893 0.0
894 0.0
895 0.0
896 1.63774437794e-05
897 0.000102086241602
898 1.58186606179e-05
899 0.0
900 0.0
901 0.0
902 5.91169793823e-05
903 5.37614761991e-05
904 0.0
905 0.000969831485748
906 0.000974656518015
907 0.000174390722472
908 2.5532462415e-05
909 0.0
910 0.0
911 0.0
