Power Law Characterisitcs
in_index -1.77807269009
in_amp 118505.122552
out_index -0.990262515199
out_amp 2071.53981099
Nodes with in-degree of 0: 25204Nodes with out-degree of 0: 2246783
Power Law Characterisitcs up to 1,000
in_index_1000 -1.87539364995
in_amp_1000 190631.319927
out_index_1000 -1.51337056529
out_amp_1000 38459.669527

Top 20 Nodes (In-degree)
33 3311
1644 2014
145 1759
1764 1720
1882 1652
952 1584
2093 1578
1249 1466
619 1460
2376 1421
4251 1400
1113 1384
4972 1372
3 1366
903 1349
2569 1284
1351 1256
957 1249
172 1214
155 1213

Top 20 Nodes (Out-degree)
3215 100022
1764 31892
1913 22668
4565 19430
7756 18836
1896 18264
3658 17905
1113 16442
2607 15434
7438 14448
4935 13536
1190 13367
6714 13365
299 13005
7605 12861
4551 12694
25 12215
4690 11911
2093 11168
1722 10854
