# Directed graph (each unordered pair of nodes is saved once): WikiTalk.txt 
3	5014
3	239850
3	777236
4	3981
5	74184
5	96142
5	207629
6	35841
6	56679
6	126185
6	280550
17	809
17	408612
19	37305
19	600768
19	2258538
22	100163
22	1042695
25	18542
25	328447
25	716650
25	963005
25	1021408
25	1236473
25	1563067
25	1592549
25	2099590
25	2175173
25	2236663
25	2262718
33	2534
39	1157
45	7583
45	242537
45	1852834
45	1931799
45	2048092
45	2169857
45	2305836
48	115
52	1015
62	707639
63	12313
63	250455
63	331001
63	370823
63	412299
63	445656
63	488210
63	680242
66	1875
66	143896
66	347889
66	428197
66	483897
66	654670
69	47867
69	820631
69	943100
69	1055932
69	1143679
72	1262765
73	6210
74	1128159
78	137532
80	447
80	53504
81	119493
81	583834
81	1175132
83	3690
83	747685
86	328
93	5321
102	1024
102	11083
103	14459
110	1725
113	47304
116	165517
121	13245
123	27478
126	74717
127	13225
127	33331
129	5958
129	2356747
131	1561
131	48703
131	96504
131	187341
133	28437
135	1314
135	1810217
138	5806
138	55548
138	79928
138	108126
138	152133
138	389014
138	703909
138	1003115
138	1299109
138	1630354
139	245
141	11236
142	28311
144	35027
145	17091
149	1456
149	534892
155	825
155	102283
155	351066
160	9005
160	278663
161	37629
166	1452
167	3947
168	89168
170	188027
170	331906
170	518764
170	1710186
170	2249499
172	9639
172	109748
172	2300255
179	929
181	461618
182	76478
184	869522
188	40491
188	61138
188	98835
189	7090
193	66037
197	291923
201	86167
201	1167854
203	31991
205	2989
205	30116
205	130138
205	287863
205	638046
205	1261661
206	2095
206	213770
206	268711
206	849942
206	903946
206	1163680
207	64789
209	120707
211	67176
211	472199
212	3273
212	551949
213	19871
213	252797
213	1052230
215	394
215	381437
217	145306
224	3426
225	4329
226	860567
240	2168271
241	216352
241	873534
242	2201
242	215386
243	5049
243	103988
243	422124
251	6026
253	11959
253	1217015
261	562422
262	31236
262	602001
262	1167181
264	751303
266	1140953
268	8376
270	876484
278	5321
278	275604
280	2707
280	1450197
283	1442229
285	1817886
290	5551
293	53346
293	611914
293	1649630
294	911875
297	8105
297	1775488
297	2020938
299	1806
299	6441
299	12987
299	23755
299	43743
299	89157
299	195248
299	537883
299	1207465
299	1882744
299	1989968
299	2135118
299	2316847
302	5471
302	512205
302	1902817
307	3981
313	576
327	1304
328	423
331	3
338	11735
339	686
353	1574
353	92787
356	36161
358	487223
359	1378073
361	51631
361	1177661
365	1695
365	32775
365	126057
365	436644
365	846534
368	991
368	277853
368	1405063
374	4
374	29357
377	5362
377	725151
381	3761
384	3717
385	1517
388	7146
389	385964
391	108647
393	48524
394	3870
396	15547
397	132451
398	283535
403	2833
407	8856
407	231376
407	1064191
412	1613
412	243610
418	6360
418	399151
418	442286
418	993949
418	1868824
418	1978576
418	2074369
420	63512
420	384869
421	5483
423	64409
426	33503
428	103016
428	1032526
431	994
432	7451
441	489581
444	568349
447	89807
458	149
458	406995
459	151266
459	1395835
469	22630
476	1978
476	1044147
476	1107415
477	598203
483	1075
483	265138
483	517190
483	804551
483	1785060
490	33344
493	809126
495	24486
500	229856
507	321
517	621093
519	183749
522	1443331
523	154197
523	427094
528	5986
528	334119
530	903850
534	471147
534	1298363
536	2174985
545	101248
545	1902548
550	7067
550	206812
550	2104496
555	192591
555	1113880
555	1967136
555	2172845
555	2283370
555	2375978
603	904
619	3959
619	575804
627	736366
634	1121
651	34104
675	4858
684	13877
694	16578
699	3058
700	98815
706	233094
711	102
724	6486
736	17345
736	57697
736	100584
740	98511
744	460468
747	933
749	115969
754	110278
754	2276347
758	40688
764	92254
767	127195
767	1881205
775	340
777	188158
780	288109
783	19961
788	30808
794	3864
797	126
802	51877
805	1007
814	1383
816	15732
819	27416
823	4156
823	287931
824	1837666
830	5327
830	1215609
834	7227
840	69208
840	208701
840	973491
841	79909
844	18306
847	33359
849	4440
853	63748
853	175887
853	313280
853	871056
853	1071467
858	1528
858	1133604
860	88027
862	69792
863	11129
867	34446
870	384
874	73853
879	433981
880	38327
880	675795
884	10319
886	1924
886	389816
887	7667
887	654371
891	389058
891	851245
891	2015337
892	2246761
894	2082367
899	8332
903	1377
903	117193
905	73698
906	359956
907	8002
907	138700
912	12842
915	119139
920	28232
921	43423
923	13056
924	2651
924	600788
925	572781
926	107531
929	17168
932	149
932	337342
933	186
939	4295
941	118780
942	513688
946	115604
951	14607
951	262997
952	14336
952	100046
952	127040
952	565285
953	232701
954	87754
955	899395
957	139552
957	465062
958	288421
960	3351
961	830
962	4213
962	836205
965	1571
965	129316
965	1183994
966	121840
966	169243
966	258600
966	536141
966	1172312
968	84838
983	22624
986	1612
989	362
989	199563
990	6982
990	367896
994	1395
994	238797
994	354675
994	546194
994	1465425
998	198850
999	318232
1002	1383
1003	5279
1003	602792
1007	41068
1007	730736
1009	9015
1013	145
1013	84373
1013	343828
1013	1194684
1015	371374
1021	4253
1021	68773
1021	181220
1021	351436
1021	397065
1021	439546
1022	7251
1024	578386
1029	107690
1030	87017
1032	215068
1033	1001634
1036	11221
1036	525511
1036	810079
1036	1057406
1036	1580563
1037	325205
1038	249850
1040	173734
1047	1383
1055	14368
1055	456530
1055	1053738
1055	1968291
1059	861587
1064	840
1064	32704
1066	1159
1066	56695
1066	186620
1066	448420
1067	5396
1067	792884
1070	211622
1072	1877049
1073	306316
1075	69218
1075	324162
1075	461088
1075	563845
1075	840137
1075	1138127
1075	1615969
1077	1049207
1082	1220182
1086	1942
1089	196867
1089	1366081
1089	1622585
1091	38816
1093	85578
1098	5321
1099	371819
1099	1791411
1101	15790
1101	514239
1101	1789545
1103	26752
1103	997335
1103	1612477
1103	2256361
1104	1766297
1105	457
1105	186712
1109	26555
1110	2265377
1113	16895
1113	89256
1113	231819
1113	337862
1113	458402
1113	575615
1113	680654
1113	796947
1113	902674
1113	1048829
1113	1182376
1113	1329961
1113	1459847
1113	1668324
1113	1849711
1113	2103659
1116	4972
1117	22377
1117	543609
1117	1937253
1119	2246681
1122	4235
1123	16106
1123	2202310
1125	446187
1127	168553
1129	6197
1129	372439
1129	858918
1129	1077040
1129	1541609
1129	2017291
1134	1340
1140	1093
1145	738369
1150	481
1158	240373
1164	3931
1168	10271
1170	311714
1175	1777817
1177	1432173
1184	4479
1188	21223
1188	629103
1188	1709592
1190	42413
1190	179742
1190	246964
1190	267780
1190	357415
1190	473742
1190	556702
1190	625483
1190	797597
1190	879652
1190	1035102
1190	1231812
1190	2192517
1191	19922
1194	136849
1199	103824
1199	673685
1202	20836
1204	69751
1206	12115
1210	8825
1210	448351
1210	895184
1211	1135855
1216	2038
1216	2072956
1219	1976856
1230	1678
1232	4163
1232	257583
1232	388995
1232	1475465
1233	1332604
1235	421882
1243	85842
1244	56061
1244	1803472
1245	983607
1246	140762
1249	8028
1249	71289
1249	536440
1249	1150353
1264	3143
1283	35052
1291	8193
1294	67196
1295	99311
1298	92756
1298	1928637
1301	63232
1304	1314
1304	26409
1304	56616
1304	62660
1304	73506
1304	113576
1304	211393
1309	5719
1317	49127
1328	327
1329	5746
1329	53866
1329	142041
1329	567490
1329	1195441
1331	10602
1333	7569
1341	1070
1344	108774
1344	233786
1344	307799
1344	494430
1344	798888
1344	1306945
1344	1704639
1346	989
1351	1521
1351	134756
1360	412
1363	96210
1371	19646
1377	10323
1379	214017
1380	5277
1382	91430
1382	331483
1382	590338
1382	1112967
1382	1965459
1384	1435
1386	87480
1388	403
1390	4848
1391	8281
1394	124368
1400	46744
1405	1167695
1407	1286957
1412	8535
1415	62025
1418	41182
1421	135746
1424	1427
1424	753998
1425	106120
1428	11698
1431	9158
1433	19313
1433	745530
1435	18991
1439	109656
1439	236912
1442	147473
1443	3372
1446	42428
1446	1287134
1448	137509
1450	59141
1451	208493
1452	1558
1454	1382
1454	102651
1454	167165
1454	246238
1454	325348
1454	410287
1454	476338
1454	605870
1456	1408
1458	4099
1461	3581
1461	1803303
1463	185732
1465	923755
1468	18782
1468	488372
1470	103594
1471	626135
1474	3209
1479	111065
1482	217468
1482	768333
1498	4430
1500	175991
1501	1039
1501	160815
1504	8081
1506	194342
1507	133320
1507	220010
1507	294253
1510	1173
1511	33380
1511	213535
1511	291144
1511	431666
1511	750192
1511	1660426
1513	212912
1514	331196
1516	1251758
1520	239397
1521	186461
1527	4465
1527	287093
1527	359086
1527	404509
1527	424014
1528	160532
1532	9883
1535	6001
1543	633
1544	24716
1549	5919
1551	144276
1552	1333863
1557	1820
1557	429771
1557	2134930
1562	8834
1565	23095
1567	312632
1569	649943
1570	154490
1573	4984
1574	549249
1575	3430
1575	1628226
1579	790637
1579	1610561
1581	240297
1590	217
1591	34428
1591	137309
1591	171301
1591	180519
1591	361119
1591	454876
1591	814731
1591	1367149
1593	73
1594	184053
1594	1558550
1597	8556
1600	1682
1601	160729
1603	822311
1606	268844
1606	1017780
1607	879208
1611	70052
1611	408325
1611	458627
1611	684681
1611	1097654
1611	1626390
1612	7421
1613	11214
1616	247560
1617	82716
1617	318456
1617	1228961
1618	339230
1618	1029646
1618	1650232
1618	1654449
1618	1656119
1620	451100
1624	2731
1629	45266
1629	533397
1629	1052510
1632	171840
1632	2229302
1638	810272
1641	246478
1644	27533
1644	475832
1644	597094
1646	2437
1648	3798
1659	253
1659	61219
1659	350688
1659	710798
1659	871592
1659	1267677
1659	1911815
1661	11150
1661	160508
1661	499919
1661	644603
1661	707224
1661	822365
1661	1017952
1661	1120524
1661	1484434
1662	1678014
1671	20805
1673	1379696
1682	4267
1682	531395
1682	1337208
1688	22119
1692	1431
1692	111736
1692	678334
1692	1098329
1692	1474628
1694	209
1694	74361
1694	697117
1698	142
1698	737084
1698	941920
1698	1288617
1698	1792558
1703	17822
1705	1166087
1708	18916
1709	234949
1710	82761
1710	995368
1713	20902
1713	1078934
1715	736901
1717	1802250
1718	1084514
1718	1214478
1719	85219
1719	489446
1719	827238
1719	1625281
1720	11327
1720	536142
1720	658679
1722	211704
1722	414923
1722	504622
1722	680302
1722	884878
1722	1088741
1722	1243119
1722	1416960
1722	1620321
1722	1952445
1722	2316495
1723	699129
1726	230
1726	507848
1726	1520026
1731	1093
1731	746200
1731	1369791
1731	1868851
1743	308
1743	1180166
1745	609645
1751	1029560
1753	920431
1754	31878
1757	8768
1759	1003488
1759	1448194
1760	1315860
1764	2276
1764	78775
1764	233740
1764	429600
1764	576000
1764	658663
1764	757247
1764	813045
1764	859248
1764	902582
1764	939806
1764	979602
1764	1032101
1764	1073037
1764	1138608
1764	1177372
1764	1217401
1764	1257436
1764	1326988
1764	1373064
1764	1423798
1764	1471240
1764	1521359
1764	1591887
1764	1672890
1764	1772630
1764	1841531
1764	1940456
1764	1984960
1764	2032940
1764	2099588
1764	2276240
1765	3734
1765	1246073
1767	458914
1769	17622
1775	2158
1777	1070180
1779	1426972
1782	1375087
1788	949612
1791	30587
1791	701343
1792	5494
1793	241415
1795	489722
1798	23696
1799	11150
1799	128827
1799	478209
1799	774639
1799	990440
1799	1152599
1799	1306309
1799	1656986
1801	1770976
1803	12762
1803	564766
1803	1465318
1806	188230
1806	2000971
1806	2259003
1808	442574
1815	12026
1820	7747
1820	1153055
1820	1271866
1824	2325205
1830	2261406
1834	1241676
1834	2282862
1845	25148
1855	2138
1858	293280
1858	522676
1859	536036
1863	1441
1868	230310
1879	3189
1882	10863
1882	531593
1886	10646
1890	73447
1890	1035095
1893	39966
1893	984898
1893	1948103
1894	374731
1894	964261
1896	3510
1896	270250
1896	917479
1896	1085862
1896	1175555
1896	1234984
1896	1287243
1896	1376945
1896	1434213
1896	1487823
1896	1548134
1896	1604660
1896	1717193
1896	1782940
1896	1845576
1896	1985124
1896	2060350
1896	2155426
1896	2228154
1898	223722
1898	2208898
1900	1122568
1900	1466105
1900	2351887
1903	913418
1903	2110516
1904	324343
1904	653364
1904	1614329
1908	1215155
1909	1600654
1911	155974
1911	424570
1911	1025713
1913	27412
1913	155890
1913	506637
1913	924074
1913	1436944
1913	1798371
1913	1863784
1913	1877683
1913	1895501
1913	1962471
1913	1994088
1913	2042111
1913	2056511
1913	2072666
1913	2090717
1913	2125150
1913	2191077
1913	2262179
1913	2285669
1913	2313384
1913	2344420
1913	2375315
1913	2394053
1929	739841
1934	66405
1935	48949
1935	180039
1935	204683
1935	236516
1935	338697
1942	4831
1959	955672
1961	835791
1962	20890
1962	320652
1962	467476
1962	1758157
1964	42913
1964	507571
1964	1127036
1965	1579
1967	248661
1969	104823
1972	443
1974	789239
1978	18433
1978	996284
1979	171798
1980	3941
1980	446945
1980	1082300
1980	2259585
1982	373331
1984	1102174
1985	6999
1985	982831
1985	1626534
1986	82089
1986	1041086
1986	1430958
1986	1882314
1987	2629
1987	619808
1987	789255
1987	879846
1987	1091892
1987	1311718
1987	1604608
1987	2064120
1988	1832
1989	16444
1989	1380847
1993	210009
1999	12149
2007	2142633
2015	69087
2017	922324
2017	1584698
2017	1653996
2017	1662691
2017	1687828
2017	1806623
2019	589475
2022	263227
2023	1962352
2023	1975249
2023	2039600
2023	2081588
2031	50545
2031	986608
2033	215
2037	143508
2038	121485
2038	1257733
2043	6092
2043	46871
2043	75076
2043	102285
2043	254340
2043	531556
2044	127
2045	224241
2045	1631896
2045	2249610
2049	8565
2053	10595
2053	557767
2057	47653
2068	1719852
2087	7974
2092	873079
2093	90912
2093	261066
2093	332759
2093	378293
2093	465764
2093	515485
2093	647310
2093	821190
2093	1063616
2093	1340315
2093	2036927
2095	1124631
2101	2696
2102	77150
2106	48
2117	8750
2137	69107
2142	1951
2142	279869
2142	433195
2145	27429
2152	1465578
2159	10761
2163	1762337
2190	1947
2201	6096
2207	3690
2207	216699
2207	491407
2207	753974
2207	1629908
2211	70348
2212	19339
2220	72976
2228	14326
2233	243524
2243	226515
2247	404052
2254	39940
2255	1224849
2259	62875
2266	6
2266	426945
2269	994334
2276	503407
2277	123863
2277	1605193
2278	2293934
2285	12805
2285	1988719
2290	2217615
2292	382910
2295	867077
2297	339152
2297	1091514
2297	1976660
2299	15883
2300	4890
2314	2631
2314	1441896
2317	4653
2320	1085
2321	308149
2325	1092747
2327	92849
2327	792223
2330	7301
2332	1549428
2333	34652
2333	1019141
2333	1371623
2333	1479253
2333	1556321
2333	1660443
2333	1788071
2333	2028699
2335	1921926
2345	75183
2345	1819692
2350	3036
2351	9503
2353	330916
2354	9763
2363	207
2365	845857
2365	1581426
2369	79336
2370	41183
2371	4980
2371	1551155
2372	777098
2373	1548500
2376	7320
2376	177795
2376	722353
2376	790237
2376	882260
2376	1194428
2378	2731
2378	1636514
2382	1952473
2385	2124100
2387	25287
2387	411159
2387	1573195
2387	1900617
2387	1927417
2387	2105277
2387	2152862
2387	2219359
2387	2318116
2390	1059
2390	135234
2390	756963
2390	1063752
2390	1482670
2390	2055020
2395	55371
2397	352929
2397	2194182
2397	2341722
2403	1064
2403	1964387
2403	2365922
2405	13953
2406	1043744
2406	1787642
2409	1511
2409	283054
2409	1401332
2409	1688814
2410	7421
2411	152915
2413	1485573
2416	2114886
2418	444493
2418	1802690
2418	1940894
2418	2058811
2418	2205760
2419	1226607
2419	1789785
2420	6565
2424	418
2424	417268
2424	2370767
2437	472633
2440	1084752
2444	1518191
2446	1998496
2447	1557489
2459	19
2464	146893
2472	10230
2508	2028
2525	1121
2525	156543
2534	2093
2534	1070304
2538	202425
2538	663142
2538	1295481
2543	53441
2546	955
2548	219235
2548	1921129
2551	133983
2551	1177586
2555	5812
2558	4186
2564	9783
2567	11033
2567	338890
2568	9878
2568	1053596
2569	68
2569	17095
2569	433446
2569	1752942
2570	2094651
2571	596671
2572	2397
2573	664383
2573	1063429
2575	714413
2584	954
2584	294408
2587	13487
2587	625165
2587	1530978
2588	311213
2589	41501
2592	1996850
2598	574370
2598	961092
2598	1387212
2598	2154682
2602	42354
2602	515864
2602	784035
2602	889736
2602	1035502
2607	1612
2607	37307
2607	148813
2607	360075
2607	633023
2607	771514
2607	830057
2607	878007
2607	981642
2607	1069347
2607	1134064
2607	1458559
2607	1604423
2607	1815916
2607	2053946
2607	2256041
2610	1311898
2617	14577
2621	8021
2621	133534
2621	251850
2621	316605
2621	585412
2624	1995880
2629	1390504
2631	1102607
2632	4717
2635	19367
2635	310871
2635	473951
2636	42577
2638	149974
2639	1623876
2641	1936212
2650	2218413
2652	821443
2652	1309513
2652	2279908
2654	1258833
2654	2161504
2693	33
2696	97879
2696	1385100
2707	51094
2709	946784
2717	1073239
2723	341385
2726	8998
2731	9681
2734	1241030
2736	59589
2742	175007
2743	1698329
2743	2195459
2761	817
2763	39045
2768	25351
2768	1150915
2768	1346251
2768	2213927
2775	48309
2775	921275
2777	666881
2780	172
2785	2250553
2797	505
2813	755
2816	173082
2816	280153
2826	6092
2830	38749
2838	9909
2845	5027
2851	563996
2857	44977
2857	269672
2857	449388
2857	655807
2857	787529
2857	935803
2857	1228797
2857	1747777
2857	1996504
2857	2258645
2861	15524
2861	706660
2864	427202
2864	2310595
2869	848
2871	13893
2871	464662
2871	815014
2871	908708
2871	1564018
2874	215822
2877	115919
2884	154034
2884	917337
2884	949104
2889	1306711
2899	7303
2906	132989
2906	1273715
2910	1911908
2911	1867941
2915	10909
2920	5811
2920	1066956
2920	1880726
2923	2207
2925	1203431
2925	2080267
2929	1626086
2931	1632974
2931	1875047
2931	2239905
2932	1426614
2936	248224
2938	1845368
2939	1785587
2948	11007
2948	1305227
2948	2135381
2951	104269
2952	60559
2955	706138
2956	1695909
2956	1921465
2960	202731
2972	237148
2982	2310978
3006	715564
3022	761225
3036	6718
3044	207991
3045	507173
3045	570680
3045	631078
3047	16431
3048	7330
3048	2275987
3052	18965
3052	363333
3052	844023
3052	1235194
3052	2010710
3058	42748
3058	111196
3058	323252
3058	751764
3058	1254268
3058	1735160
3058	1897223
3058	2024168
3058	2309448
3059	261638
3064	1105
3074	260044
3084	9537
3098	246821
3102	1910751
3115	14141
3115	1931188
3119	1261068
3124	11109
3124	335132
3124	516777
3127	876287
3135	1176747
3163	880647
3171	39272
3185	63
3185	91075
3185	325034
3186	2722
3190	267747
3191	1298
3201	1170708
3205	91077
3209	14493
3215	80775
3215	204267
3215	280048
3215	388732
3215	504286
3215	626916
3215	828498
3215	919920
3215	1029737
3215	1153935
3215	1287427
3215	1411881
3215	1541692
3215	1667348
3215	1798816
3215	1859403
3215	1879852
3215	1891885
3215	1904695
3215	1915890
3215	1927132
3215	1937718
3215	1946991
3215	1955895
3215	1964771
3215	1974708
3215	1985117
3215	1995218
3215	2004104
3215	2012976
3215	2021981
3215	2029310
3215	2034176
3215	2039499
3215	2045442
3215	2051538
3215	2057586
3215	2063370
3215	2069429
3215	2075700
3215	2081270
3215	2085502
3215	2089877
3215	2095195
3215	2100674
3215	2104579
3215	2109069
3215	2113368
3215	2117253
3215	2121114
3215	2124895
3215	2129393
3215	2133866
3215	2138860
3215	2144013
3215	2148697
3215	2154516
3215	2164302
3215	2168260
3215	2172256
3215	2177906
3215	2181918
3215	2186259
3215	2191759
3215	2199351
3215	2206015
3215	2214465
3215	2219506
3215	2224681
3215	2229451
3215	2234886
3215	2241742
3215	2247110
3215	2252485
3215	2261314
3215	2266263
3215	2270854
3215	2275841
3215	2280659
3215	2285334
3215	2289835
3215	2296757
3215	2301173
3215	2306115
3215	2310798
3215	2315128
3215	2319570
3215	2323656
3215	2328500
3215	2334105
3215	2339480
3215	2344601
3215	2349996
3215	2355948
3215	2362030
3215	2368373
3215	2374058
3215	2380256
3215	2385782
3215	2391158
3227	27387
3232	1003
3242	4161
3245	7034
3253	14695
3253	559995
3253	1376738
3254	499027
3263	1303168
3273	23565
3273	273879
3273	568914
3273	1140350
3277	1869
3277	356726
3277	651020
3277	1625557
3279	6828
3281	560778
3282	1035
3284	2157743
3303	904
3312	1851
3312	878837
3320	1153124
3328	525007
3334	1033343
3336	80631
3336	288014
3336	389712
3336	500966
3336	701163
3336	1199820
3336	1925153
3338	68169
3338	1054724
3338	2137520
3342	454834
3345	6986
3350	2106
3353	166225
3354	1394185
3354	1767301
3354	2140516
3373	55857
3390	31862
3398	136896
3408	819428
3410	125008
3410	276009
3414	14250
3420	823290
3424	4490
3430	332646
3433	4890
3433	250878
3433	751094
3433	2262122
3443	1501
3443	73710
3443	223029
3443	300766
3443	437824
3443	452280
3443	724641
3447	190037
3448	429245
3451	95351
3451	236558
3451	626717
3451	1075541
3451	1932380
3455	438990
3458	1556
3458	831576
3465	8127
3471	691433
3471	2056432
3475	427809
3491	992320
3493	70353
3493	1148624
3496	538362
3496	810081
3499	1093017
3504	164013
3504	923590
3504	1128300
3504	1321764
3504	1545437
3504	1877947
3504	2147781
3511	12147
3511	1291494
3511	2004758
3515	217736
3515	1043472
3519	19675
3522	1337071
3523	1134823
3523	1336820
3523	1898270
3524	1312266
3525	595088
3525	1240839
3525	2121410
3534	4092
3540	23238
3541	2365
3547	1234450
3547	1908433
3548	4025
3548	1868377
3554	1213265
3557	89198
3557	1953789
3559	1790779
3568	1742894
3571	1480998
3579	326401
3581	181969
3581	1438108
3581	1679373
3581	1911167
3585	2026512
3588	775847
3588	1139232
3588	1757286
3595	9983
3595	1822833
3595	1929055
3595	2235416
3600	6224
3600	1488252
3602	40825
3602	575680
3602	1004682
3602	2362966
3607	2245943
3609	2099576
3612	2106706
3616	2263095
3620	2177986
3627	1191608
3627	1812178
3628	2167134
3630	2180332
3640	812693
3650	1496103
3658	66484
3658	348376
3658	830377
3658	1279258
3658	1686279
3658	1775385
3658	1817245
3658	1910617
3658	1933544
3658	1963270
3658	1992964
3658	2033506
3658	2089592
3658	2116419
3658	2186548
3658	2247171
3658	2281902
3658	2322352
3659	403326
3659	1470886
3659	2115622
3659	2330325
3665	32831
3669	484634
3687	81747
3690	390619
3690	819694
3690	1129807
3690	1350375
3690	1576089
3690	1878708
3690	2125558
3691	621230
3691	1658366
3704	6154
3705	58474
3705	269470
3710	125339
3717	2185925
3720	1364551
3725	28594
3737	448256
3738	1533105
3749	768388
3759	19173
3766	1221535
3785	115829
3786	42864
3786	316427
3791	447603
3795	136356
3795	1442964
3798	64757
3800	24236
3800	560956
3801	4339
3802	310619
3802	1805621
3805	25997
3805	204953
3805	678106
3805	1003945
3805	1113167
3805	1323185
3805	1812805
3813	30138
3813	1292022
3813	1586284
3813	2175552
3814	1262366
3820	1015754
3820	1338945
3822	23850
3822	1869831
3823	166920
3823	665325
3823	961587
3823	1301302
3823	1584843
3823	2000404
3823	2324831
3825	457915
3825	2045711
3827	110060
3827	1506497
3828	93460
3828	1339189
3828	1659508
3837	615653
3856	108796
3856	330867
3856	2068778
3875	275597
3878	12971
3878	775347
3887	647506
3896	5995
3904	66001
3904	491775
3904	1638667
3907	1006145
3915	8795
3922	628
3928	803549
3952	19914
3959	820234
3962	792
3975	130
3987	563553
3987	1726264
3989	102640
3989	180975
3991	8166
3992	205108
3996	9501
3998	299598
4006	265679
4007	1380
4010	206699
4013	670160
4017	6430
4018	124261
4018	794151
4018	991487
4018	1199861
4018	1905089
4022	5986
4022	1565758
4024	1543468
4025	1921150
4025	2318800
4027	260415
4027	1196534
4029	168376
4036	1329
4038	1011612
4038	1352398
4040	1635498
4043	47202
4045	415966
4045	890003
4045	1054376
4045	1157475
4045	1276865
4045	1421205
4045	1514966
4045	1608782
4045	1931335
4053	8534
4054	522336
4065	10426
4079	1047058
4080	1308716
4091	1381
4099	2857
4100	5393
4105	458152
4107	10032
4108	62919
4112	38612
4112	801244
4112	1073740
4112	1522080
4114	23189
4133	305323
4150	1222063
4160	301621
4162	349396
4163	34800
4163	357232
4163	724718
4163	1432873
4169	24107
4170	10031
4171	500074
4175	521076
4185	4107
4188	145982
4188	1338338
4191	56054
4197	395892
4197	1781323
4197	2230055
4197	2359264
4199	690885
4199	2194361
4206	9804
4206	954191
4206	1539685
4206	2379841
4207	730895
4207	2147587
4225	3609
4237	10334
4250	434078
4251	31596
4253	287643
4256	96735
4262	978862
4263	58755
4272	38480
4275	1036
4276	221616
4276	374426
4276	1028000
4277	23347
4277	1627368
4284	13487
4284	977874
4284	1381350
4294	152811
4294	808489
4294	1222722
4294	1245166
4294	1274901
4294	1301950
4294	1357884
4294	1417596
4301	10110
4303	1257461
4307	1485315
4311	73
4312	90
4312	643856
4312	1158433
4312	1579494
4312	2000257
4312	2333151
4313	1659020
4314	817910
4317	48478
4318	40695
4318	1699865
4318	1757344
4320	2241880
4326	11728
4330	151296
4335	284
4335	1853256
4336	4706
4336	1409836
4336	2261875
4339	69868
4339	544565
4339	1050619
4339	1419742
4339	2061076
4355	299991
4360	385228
4365	1395211
4374	338897
4390	1547191
4392	1887501
4428	1504
4428	195555
4430	152769
4430	208377
4438	170281
4439	12496
4439	162526
4439	220590
4439	525194
4439	956975
4439	1175107
4441	64256
4444	176854
4447	474060
4453	818832
4457	161331
4460	4438
4465	3797
4466	14688
4466	199597
4466	311074
4466	479739
4466	653821
4475	3
4477	892430
4490	1463
4491	1527
4503	705259
4516	66202
4523	239223
4527	522117
4543	20629
4549	867852
4551	49042
4551	275719
4551	460205
4551	766271
4551	979397
4551	1717974
4551	2026539
4551	2147696
4551	2239907
4551	2263030
4551	2287543
4551	2321217
4551	2368633
4559	294487
4561	288134
4565	29299
4565	192772
4565	346201
4565	367308
4565	396387
4565	422018
4565	450730
4565	513966
4565	541947
4565	621848
4565	767653
4565	874309
4565	995600
4565	1096184
4565	1238522
4565	1453832
4565	1709278
4565	2001628
4565	2236803
4567	7284
4574	956
4576	12320
4576	428149
4576	940521
4584	1069021
4590	225585
4600	102959
4600	335063
4600	1158319
4603	133322
4603	832370
4608	3040
4620	201467
4634	3309
4639	399840
4648	58476
4653	4235
4653	922214
4664	576266
4664	1275793
4667	468928
4675	381144
4675	1852105
4678	1745
4686	339290
4690	2534
4690	91044
4690	199188
4690	267481
4690	315825
4690	383749
4690	467809
4690	618879
4690	753979
4690	880720
4690	1162559
4690	1512573
4692	3390
4692	1807555
4699	383381
4700	498534
4705	818
4707	37091
4709	24248
4709	332423
4709	594847
4709	847888
4709	976998
4709	1138769
4709	1394431
4714	340981
4716	1504
4719	867917
4728	15306
4733	179433
4740	6981
4740	895875
4748	47829
4750	727969
4757	5731
4776	914186
4777	1672072
4781	714693
4797	712157
4802	268685
4808	26361
4812	590433
4813	21123
4813	445392
4813	869637
4813	1171314
4813	1609724
4816	1641
4820	710003
4834	2265343
4838	676915
4838	1548992
4841	419471
4841	672094
4846	754456
4847	7300
4847	327972
4847	533913
4847	776419
4851	1100
4862	6710
4872	4813
4879	46403
4879	1043375
4879	1935341
4884	813196
4887	366411
4889	13984
4889	971669
4898	544349
4903	145662
4918	384
4932	63
4932	1032638
4935	121180
4935	269049
4935	337978
4935	353961
4935	370760
4935	393033
4935	440584
4935	458614
4935	521078
4935	555508
4935	644041
4935	812967
4935	859854
4936	28027
4936	848903
4942	270263
4942	1548121
4957	4053
4959	641028
4959	1695408
4962	1726
4965	386694
4972	3201
4972	66484
4972	442077
4972	733639
4972	816126
4972	895085
4972	1016321
4972	1298159
4972	1685659
4972	1877208
4980	894461
4983	150847
4990	11728
4996	1518593
5000	15784
5000	666236
5000	2190758
5004	255077
5005	1644
5005	979507
5016	1017006
5027	247760
5032	2198
5045	8559
5046	19023
5049	1046321
5074	2072107
5080	13526
5080	647013
5081	1190
5081	1894036
5089	822251
5091	1532315
5101	830816
5101	1031477
5101	1805937
5101	2022450
5116	1588589
5126	1661
5126	608596
5126	701996
5126	1037559
5139	9462
5144	305340
5148	58249
5156	33
5162	196690
5162	1018234
5162	1168618
5162	1352986
5162	1612735
5169	995944
5169	1564294
5171	1888031
5174	519300
5177	308
5190	1048223
5197	2376
5207	194497
5209	211001
5209	1680881
5215	8377
5226	317572
5234	657691
5234	759438
5237	33653
5239	1542653
5240	605
5243	2241871
5264	33
5273	11683
5273	555515
5273	876033
5275	1084603
5288	67
5315	131398
5325	10917
5332	11290
5358	461413
5358	1970984
5363	4361
5368	2209184
5372	4052
5377	1094826
5384	1685520
5389	573683
5393	16877
5393	1172518
5393	1699231
5394	551149
5398	1736727
5399	569903
5410	948793
5412	677530
5417	2160353
5420	1811771
5430	2273206
5447	289047
5465	7487
5485	505490
5493	1861
5493	434472
5496	2871
5496	905916
5499	825075
5517	1627991
5543	366338
5544	575083
5546	622140
5551	746036
5553	640054
5557	348794
5565	4320
5587	673987
5593	1409740
5597	381588
5606	48973
5606	705266
5606	1626571
5635	298805
5646	6853
5668	2302450
5686	19399
5700	421239
5707	4162
5715	5222
5725	104323
5725	807415
5725	1772734
5731	41702
5734	37263
5749	1450
5758	1898
5758	83438
5758	493574
5758	616803
5758	720022
5758	787337
5758	820565
5758	886632
5758	1002040
5758	1251822
5758	1616791
5761	731074
5768	991547
5771	1236520
5771	1425019
5779	10168
5780	1451
5780	879902
5780	1025560
5782	27721
5782	1085187
5787	1609698
5789	1061895
5795	114615
5795	1717580
5810	53088
5810	817343
5812	534122
5813	241417
5813	1173231
5813	1377005
5813	1675271
5813	1927279
5818	293208
5818	1940202
5823	4447
5827	316234
5831	2358764
5833	117651
5834	899887
5837	448072
5852	21001
5852	1552780
5852	1944275
5860	714846
5860	1401876
5867	12826
5907	3990
5909	6303
5923	7172
5952	103968
5958	384
5969	888796
5971	579297
5973	729492
5973	1247614
5975	1941
5981	103427
5981	157533
5983	353926
5986	289841
5987	959799
5991	2874
6001	4712
6016	56033
6021	1110312
6025	203529
6031	1454
6036	1972606
6044	44016
6075	9595
6076	1793326
6079	1155779
6088	9931
6088	1349581
6096	43507
6098	1137468
6100	563804
6100	1131214
6103	2254230
6117	1014447
6128	1476423
6128	1848918
6128	2023159
6128	2387536
6141	4463
6154	1275126
6159	1799
6160	257140
6196	4872
6210	130379
6220	1220155
6221	487149
6222	1757782
6223	2127375
6224	1591100
6224	2152949
6239	2536
6239	470418
6239	929358
6252	16441
6259	5832
6264	852341
6296	4283
6315	89580
6320	118982
6320	1232522
6323	147076
6339	1371
6349	51236
6355	1056988
6360	7243
6372	380977
6375	665476
6380	788956
6383	131581
6383	243086
6383	503956
6383	2261857
6388	429048
6399	56217
6399	1067284
6404	255541
6413	232438
6424	567826
6426	1299548
6433	882917
6440	89128
6444	1086229
6452	2871
6454	1256285
6456	2242135
6465	1154111
6466	700583
6466	1537365
6468	1532762
6477	902583
6482	1121
6486	1219975
6487	2890
6504	659567
6516	27477
6535	5483
6553	197855
6553	955682
6553	1994435
6562	7485
6562	394019
6562	1033133
6566	254571
6568	4080
6573	1595002
6573	1658373
6579	339843
6579	1778960
6584	619577
6586	2768
6586	238416
6586	1926567
6587	9010
6587	582432
6590	1993
6590	2249895
6592	1565211
6616	1165016
6618	934499
6699	44821
6710	103401
6712	67787
6712	254099
6712	311685
6712	1012214
6712	1931244
6714	158050
6714	298682
6714	341673
6714	368874
6714	451856
6714	582740
6714	1348567
6714	1577149
6714	1621309
6714	1641393
6714	1660727
6714	1705092
6714	1737137
6715	43207
6715	373986
6715	516887
6718	151805
6718	370791
6718	462513
6718	527437
6718	669847
6718	718426
6718	1248713
6718	2150154
6718	2256076
6732	23386
6732	482843
6732	735493
6766	1225497
6777	40098
6777	410643
6777	682513
6777	733175
6777	776153
6777	831859
6777	885445
6777	935883
6777	1014155
6805	1281680
6809	903
6813	1466185
6817	2351203
6824	1823565
6828	19263
6828	1739527
6829	1820714
6838	5358
6856	379
6891	304383
6900	13754
6902	429770
6908	3243
6908	460659
6908	1035593
6917	1364970
6919	593409
6927	759
6927	1717135
6928	1105267
6936	16003
6968	50878
6981	861
6989	11689
6993	1637610
6994	1249591
6995	1009
6995	2281095
6997	3637
7005	1282
7013	2578
7015	719795
7018	1188484
7020	2378
7026	1571808
7029	3368
7029	1454744
7031	902988
7031	1301280
7032	916064
7033	1948622
7036	860
7037	1688
7042	1986181
7043	2083860
7066	481471
7071	19928
7088	1160
7097	1006285
7097	1125481
7097	1236879
7107	910368
7108	1351995
7128	367582
7128	2283769
7136	786588
7136	2391927
7153	2023478
7167	18901
7167	200231
7171	301580
7171	1032449
7171	2124622
7172	307435
7174	1298
7192	176795
7213	1029
7222	846935
7238	30299
7250	30174
7277	3903
7284	49042
7284	1331021
7285	11171
7286	355118
7292	2578
7300	108642
7300	689465
7301	4719
7303	4936
7303	461085
7303	592752
7303	925765
7303	1887769
7303	2080619
7305	5032
7307	14385
7307	760504
7307	874022
7307	1124215
7307	1751199
7308	822185
7315	96792
7317	16012
7318	85305
7318	913903
7318	1023514
7318	1105653
7318	1218980
7318	1318862
7320	507038
7324	1584936
7326	604100
7326	1113387
7327	969048
7327	2075891
7330	1775363
7333	772
7334	1496289
7338	5351
7357	173979
7357	2034990
7368	90676
7368	1097012
7368	1115437
7368	1172339
7368	1371319
7405	942
7408	37542
7408	773052
7409	145293
7411	1398
7414	183764
7415	90668
7415	1281049
7418	18722
7420	3443
7421	288387
7423	5197
7424	1174942
7424	1542557
7424	2345219
7425	796912
7428	1930591
7435	86026
7437	619
7438	51656
7438	222823
7438	448490
7438	557885
7438	744067
7438	857544
7438	946551
7438	1004233
7438	1062297
7438	1150345
7438	1270087
7438	1442988
7438	1540169
7438	2070227
7441	949016
7445	36538
7445	1276644
7445	2191913
7448	1586803
7451	1214676
7451	1948468
7452	1393651
7452	1899173
7453	2038473
7454	1732498
7465	981866
7468	2036279
7485	515070
7493	1512519
7529	4932
7541	4301
7554	436441
7554	1494987
7560	271615
7560	1428331
7562	830362
7579	374
7585	534490
7589	631892
7603	13053
7605	46768
7605	145436
7605	268889
7605	436873
7605	543580
7605	602092
7605	628421
7605	648972
7605	674849
7605	693296
7605	746082
7605	779314
7605	808977
7613	2447
7613	1686326
7615	1623299
7618	1752898
7634	1034021
7635	407371
7657	336236
7670	966
7698	4099
7712	767067
7743	4760
7749	2376527
7756	225585
7756	510963
7756	920557
7756	1299228
7756	1488813
7756	1519948
7756	1562492
7756	1633681
7756	1761130
7756	1822133
7756	1844953
7756	1878925
7756	1959993
7756	1988214
7756	2036189
7756	2080020
7756	2153906
7756	2236922
7763	4932
7763	418555
7766	943474
7786	329904
7804	1050233
7811	1425617
7812	1562860
7812	1788829
7812	1966716
7812	2136290
7812	2365774
7821	6553
7861	7858
7873	1509915
7874	2020153
7886	851115
7902	76022
7902	757820
7902	904312
7902	1071743
7902	1515980
7902	1862172
7904	94900
7904	925199
7904	1498204
7936	8950
7974	1116
7975	1040712
7994	229856
8003	1121
8007	444515
8021	184743
8028	372864
8046	3022
8046	879145
8046	1009421
8049	4583
8056	119948
8056	939928
8056	1041499
8056	1429500
8056	2019643
8061	1416681
8072	931315
8072	1695943
8089	10030
8097	778190
8103	65373
8103	1132290
8103	1236977
8105	4841
8105	723015
8105	871255
8105	1365502
8111	786668
8113	1524902
8118	703573
8118	954380
8118	1719648
8133	1419964
8136	114512
8136	1343112
8136	1511209
8136	1906010
8139	1375403
8142	1721917
8143	1986625
8155	134477
8156	1880967
8159	939512
8162	754695
8166	239624
8168	2057689
8227	104734
8236	495431
8251	9145
8269	3915
8269	970639
8270	260932
8272	2388160
8275	125489
8275	833765
8275	1025597
8275	1352964
8275	1710341
8279	982630
8281	2139518
8301	1795193
8347	2033
8350	500
8350	632842
8364	724
8364	2021791
8371	271488
8371	474456
8371	1221836
8392	1003
8398	373680
8399	6124
8409	135458
8412	217001
8412	1059398
8417	1986938
8429	1933676
8431	198177
8431	1075765
8431	1961186
8438	1243487
8439	14577
8457	1784016
8481	558850
8481	1883825
8495	165
8505	6583
8518	6399
8524	295249
8524	1897927
8534	4639
8535	318551
8539	111000
8539	470818
8541	2053
8548	13824
8551	2309450
8558	1038007
8564	1070
8580	1329
8585	361103
8592	5789
8593	764464
8604	4251
8615	16414
8615	694439
8615	872158
8615	1092835
8615	1458591
8615	1818195
8615	2168875
8618	3830
8618	1312145
8618	1562297
8619	1855
8632	43700
8633	1070
8643	500614
8643	1044301
8643	1376173
8643	1660893
8651	2828
8666	777
8683	26819
8689	2233041
8698	9500
8716	18202
8720	66181
8720	1151766
8720	1662216
8720	1723308
8720	1956507
8720	2202490
8732	278637
8738	11375
8745	1600425
8750	1893771
8752	849476
8752	1727180
8752	2010327
8754	65585
8764	1388091
8772	17495
8772	2197069
8772	2298969
8772	2342026
8772	2367188
8795	1605243
8800	31396
8800	459918
8800	979488
8800	1632545
8800	2133122
8817	304814
8834	26279
8834	268769
8839	910392
8847	19734
8859	14520
8861	153679
8861	760231
8867	12972
8867	885582
8867	1498375
8870	1030241
8870	1336382
8879	6828
8879	2004627
8885	8991
8899	32045
8916	8594
8929	4983
8965	37160
8965	51270
8975	11423
8997	107516
8997	281854
8997	354088
9005	628305
9015	5049
9015	1296301
9018	1512956
9021	1434366
9023	13288
9023	61676
9023	935485
9023	1808279
9033	12762
9050	1820
9069	84993
9094	23104
9094	788444
9099	342471
9112	226746
9128	225312
9128	228271
9128	236022
9142	127527
9154	23347
9158	280448
9158	2277210
9160	1795736
9165	1380574
9175	1019986
9200	511610
9202	2356531
9266	1445361
9275	12648
9275	574620
9275	1089318
9275	1313753
9275	1858184
9279	224422
9283	70527
9283	445551
9283	1287676
9308	284970
9320	296407
9335	2142
9352	647965
9359	751749
9376	242113
9376	498621
9388	6309
9388	2033568
9389	383875
9389	1093321
9389	1388064
9389	1795262
9389	2248424
9395	2108546
9409	48858
9426	621707
9433	105292
9433	322017
9433	1002602
9445	627
9455	37467
9460	94060
9460	481798
9460	635563
9460	760191
9460	1005702
9465	1038783
9468	682013
9473	1240891
9483	292870
9483	1284282
9483	1445980
9486	1238117
9492	1307927
9501	423
9503	1619735
9512	1536
9516	1861369
9519	2007757
9521	1675793
9523	1208889
9537	6867
9546	1018294
9593	1001697
9619	516055
9626	1022
9627	23991
9654	815625
9670	6553
9671	3048
9680	281541
9701	206568
9704	212
9721	3281
9735	58620
9738	564122
9738	878739
9746	7437
9748	1104456
9764	2084455
9768	1895225
9768	2319515
9772	1493125
9786	907
9804	1588542
9814	2048
9836	74861
9841	1879623
9860	148581
9878	1456683
9896	137585
9900	926499
9911	163693
9911	774923
9915	1376249
9935	986981
9948	2868
9955	1268559
9963	170696
9968	2337467
9978	2983
9980	396
9983	1568667
9984	1936772
9993	1484990
9999	1855744
10002	2237492
10024	321524
10024	851395
10031	4690
10045	172814
10055	1361461
10095	9987
10103	22674
10116	1454445
10146	2697
10155	283002
10155	1588501
10155	1692585
10155	1907267
10157	33384
10161	644549
10161	2378315
10162	2221518
10168	13813
10168	2143650
10182	1549576
10223	1061076
10256	4169
10285	2178325
10332	404513
10347	825680
10371	110297
10391	1228584
10395	22380
10414	515166
10425	13170
10426	1975017
10436	1193250
10437	102638
10437	520540
10437	942920
10437	1254917
10453	359312
10453	1568949
10453	2293123
10460	1722309
10460	1778445
10460	1827141
10460	1899539
10488	210972
10498	2158696
10520	1711
10540	1575
10545	1774323
10551	463164
10553	2291660
10616	43665
10626	1274021
10643	375583
10646	63959
10652	17775
10688	16444
10692	656421
10700	636750
10701	1047162
10720	18606
10734	12026
10748	1017692
10752	24693
10756	1883095
10758	1407257
10758	2194481
10764	2197183
10790	29088
10801	1410720
10820	2012
10829	783155
10829	1725234
10857	1419203
10861	1089449
10869	1294250
10873	1079272
10873	1721221
10876	1049904
10879	601671
10884	1315309
10884	2220774
10890	1084223
10892	500163
10893	9500
10902	1021762
10902	1916050
10903	2033128
10911	17610
10911	1749095
10911	2270798
10916	1711
10923	15242
10936	887
10936	269211
10945	12111
10963	1725847
10968	1785461
10983	90699
10994	2384746
11033	426887
11052	264593
11058	1400590
11102	359577
11109	186751
11109	412318
11110	957
11133	938020
11164	1733273
11187	1159665
11188	2134958
11213	86607
11224	13634
11237	1269675
11237	2066333
11245	159913
11254	1066
11266	1287
11267	490833
11267	1166525
11270	251000
11270	1039157
11271	1757665
11278	635555
11295	580061
11295	2114626
11299	1907257
11318	116383
11332	11360
11337	1573756
11343	4301
11345	1120137
11350	1926446
11350	2040963
11350	2282500
11360	2020
11369	1983839
11399	14131
11410	933753
11420	12708
11457	41227
11494	6341
11512	1042306
11512	1943729
11522	236240
11546	1096724
11554	1445277
11575	1123
11608	53124
11651	1610639
11667	1049849
11689	9501
11689	1137695
11693	2915
11699	187777
11719	1882
11727	1236445
11727	1411067
11728	33517
11728	359505
11728	812974
11728	1007453
11728	1067801
11728	1330922
11730	1566969
11740	520361
11744	1605179
11751	1103
11751	1502179
11751	1811159
11791	1394767
11809	11696
11827	608996
11832	1521896
11852	132627
11852	1063332
11852	1292657
11852	2059745
11864	1534853
11906	338
11909	1836631
11934	6224
11934	923359
11934	1346764
11934	1729773
11934	2046667
11941	1630105
11959	13985
11959	1946315
11983	338
12026	284970
12088	4338
12088	267687
12088	846179
12088	1116422
12088	1495976
12088	2009520
12088	2324736
12093	1090537
12095	509545
12095	510660
12103	5775
12115	1383680
12117	790135
12117	1264923
12117	1486035
12120	3991
12120	1853120
12120	1988330
12120	2133913
12120	2371137
12122	1895827
12122	1923150
12122	1993856
12122	2060158
12122	2283866
12147	5493
12147	287795
12147	943163
12147	1275669
12147	1327401
12147	1381437
12147	1431059
12147	1519224
12147	1711128
12147	1878984
12147	2092305
12153	254869
12158	523
12164	418374
12174	1816871
12249	693331
12283	9667
12299	919625
12313	21172
12313	700698
12313	949956
12317	19015
12327	1405459
12406	1558
12466	2036
12481	94553
12492	19839
12511	858276
12513	492592
12513	879368
12513	931941
12513	1190518
12525	1803
12528	38730
12616	15463
12634	105285
12648	12645
12673	1363
12681	11248
12693	1675728
12710	28478
12721	1003694
12762	7452
12762	568259
12762	859390
12762	930883
12762	1141317
12762	1514518
12763	3414
12778	464432
12826	2556
12830	1558
12846	189405
12848	2276363
12859	1728956
12878	946014
12904	142807
12910	923355
12914	635496
12914	1358169
12920	235681
12920	587196
12921	11746
12926	1173530
12926	1348649
12926	1513725
12930	332685
12966	682152
12987	2311589
13005	4
13033	1501408
13052	641584
13056	898201
13060	100014
13060	1582392
13060	1834363
13060	2203168
13063	477524
13069	2077141
13081	12664
13097	14252
13120	124836
13124	2314
13124	1715629
13124	1957495
13124	2246310
13131	323901
13131	2083540
13131	2211179
13157	19437
13176	241494
13176	1533268
13176	1743744
13176	1777822
13177	281015
13177	823910
13177	1068034
13177	1781379
13178	378492
13178	1322067
13178	1585916
13178	1761108
13178	1805698
13178	2120185
13222	688642
13230	1179605
13288	7478
13316	7724
13321	651146
13321	1005815
13324	15562
13324	775608
13329	1318734
13334	897263
13334	1795509
13344	3889
13354	25680
13378	791467
13378	1814172
13399	2322026
13411	3508
13415	154869
13428	1714825
13443	1472710
13454	2000325
13467	80
13487	86612
13487	1589712
13511	5627
13526	397671
13526	1420125
13534	763130
13541	954022
13543	341170
13545	943524
13547	1439771
13548	738905
13548	1908657
13567	5049
13584	1891331
13594	33
13607	5234
13611	240249
13612	1485101
13612	2011582
13613	569169
13615	805616
13616	960416
13617	257920
13617	997014
13633	477025
13647	203022
13673	518562
13674	622158
13675	686342
13675	1088481
13675	1411205
13678	1171613
13678	2020638
13709	1839685
13725	3130
13771	1785670
13771	2161578
13782	20025
13804	179625
13805	133464
13813	912420
13813	1324297
13813	1977016
13813	2327986
13824	399997
13859	3534
13859	322523
13859	479452
13859	642806
13867	618871
13879	596077
13893	724241
13895	1393676
13903	27085
13909	1855643
13942	11034
13944	1839820
13944	2249052
13945	1403878
13945	1599461
13945	1945605
13947	1322766
13950	1947845
13980	2724
13984	760385
13985	755825
13985	987874
13986	1931774
13987	735554
13987	1638250
13997	423880
14014	808137
14019	341579
14021	534
14021	1807843
14022	2147987
14024	1990984
14041	7009
14078	165812
14090	1136365
14104	2230762
14129	3309
14129	1214857
14135	2244093
14141	1536724
14152	824978
14183	1258626
14183	1713322
14183	2151450
14210	197985
14212	648009
14219	1126317
14220	1081403
14220	1741592
14223	1888608
14241	3198
14243	240254
14244	613685
14244	2268379
14247	641343
14249	1131742
14249	1496111
14249	1550761
14250	1137276
14250	1622483
14270	4477
14270	503248
14283	173044
14284	758604
14285	271484
14287	700
14289	433483
14289	658197
14289	675746
14289	834741
14289	898814
14289	1003485
14295	1909071
14327	1194362
14361	945
14368	2106795
14387	723481
14405	955846
14406	1493364
14412	2078635
14429	6456
14429	845050
14429	953732
14430	113540
14433	1932185
14439	49952
14439	2345498
14440	2297750
14470	8899
14472	108642
14492	1190
14505	2285
14505	1413408
14507	716322
14507	1357724
14507	1818571
14514	1668785
14514	2097716
14520	28413
14520	1551798
14547	37940
14565	105344
14568	96632
14575	148970
14577	472194
14577	1194430
14585	1349230
14591	1370143
14591	1836905
14591	2253726
14591	2371542
14603	1463152
14631	252103
14648	763261
14678	1208326
14678	1998652
14688	1558311
14710	9292
14746	563194
14754	1204105
14771	1727364
14772	2271185
14798	45683
14842	645074
14851	1602445
14854	2162291
14864	1624898
14890	1135
14962	4179
14980	1226689
14980	2182804
14991	2323710
15012	104796
15012	419784
15016	1661222
15044	1228612
15058	1051767
15059	101515
15066	968799
15111	1008792
15111	1325125
15112	334390
15114	1569118
15114	2312258
15164	5677
15166	1186965
15183	1467999
15183	2354455
15188	309036
15190	1556135
15192	225613
15192	1524050
15194	830297
15194	1671913
15194	1910103
15198	448867
15198	2088973
15222	392379
15224	683998
15228	25354
15228	503622
15228	980640
15242	2338716
15280	529
15299	1100834
15323	524433
15338	663116
15377	632015
15377	1575114
15377	1693567
15378	710769
15378	1966606
15431	155679
15467	122132
15520	9628
15539	2160495
15540	1983794
15547	618601
15550	587053
15557	2295
15584	4022
15596	1441306
15609	1708
15609	2129860
15611	2319970
15619	2208240
15623	3786
15646	17826
15662	905095
15707	3098
15722	156370
15744	22
15747	417842
15767	1161192
15768	1583871
15793	1625827
15831	353
15857	1086
15860	2263155
15870	24277
15871	1263536
15879	1569597
15881	1573596
15906	593617
15937	40261
15937	328853
15937	573925
15937	934595
15937	1358006
15937	1944126
15938	473088
15940	1853451
15941	1859880
15941	1979427
15952	960326
15953	1238760
15980	212450
15980	285268
15983	1150855
15984	344736
15984	1168322
15986	546587
15986	1552702
15986	1713533
15987	269020
15987	1080272
15987	1288952
16049	3424
16082	24063
16082	585412
16088	651250
16090	1559035
16092	533234
16092	1307484
16098	78971
16101	331566
16103	486925
16104	747191
16106	4053
16106	778017
16106	1079658
16107	746056
16111	791732
16113	753953
16113	1601022
16123	989
16123	825055
16126	575060
16136	2241996
16167	604135
16191	533683
16193	1440632
16195	330
16232	251
16266	2039501
16269	2310962
16335	17101
16393	582798
16414	1204
16414	1213003
16420	1125
16423	965647
16430	25840
16441	2948
16449	2074366
16468	2455
16502	513
16526	1777871
16526	1907209
16526	2194373
16527	1915679
16527	2362552
16533	348846
16550	916796
16560	1079257
16580	1799399
16584	268619
16584	1587543
16587	1010984
16587	2263634
16589	1760
16593	2193452
16656	1661762
16699	219535
16701	1685226
16757	281329
16772	29720
16797	1305023
16801	318596
16801	1515195
16801	1723012
16804	2008179
16810	270062
16866	3744
16887	968340
16915	958921
16922	1183897
16922	1759417
16953	75995
16956	927431
16996	141280
16996	1279390
16996	1389083
16996	1540829
16996	1955540
17001	113447
17001	861886
17001	996320
17001	1263474
17027	1497297
17041	366641
17062	855716
17070	248065
17070	1693194
17095	1303755
17106	27491
17126	843419
17165	2286984
17193	105124
17199	2261526
17261	37850
17312	1862337
17399	393
17426	365039
17457	2093
17535	188
17591	7624
17609	10936
17610	2161438
17613	1291643
17620	1632462
17623	2332804
17634	1433185
17637	1459248
17683	4018
17741	769483
17774	1474771
17791	409158
17791	1874055
17812	109377
17833	5206
17896	1190
17902	234027
17903	1183323
17906	1369389
17909	1692
17931	83409
17931	1713251
18004	100197
18068	60582
18103	42479
18108	1333
18115	90591
18126	2137245
18129	1799912
18129	2054321
18135	824944
18138	2979
18181	18325
18202	1345108
18249	80859
18249	1463091
18252	1039665
18252	1260153
18276	2142
18332	244393
18345	1333171
18345	2256415
18363	112938
18372	1588862
18378	2372532
18399	1588485
18438	2033
18438	1961275
18455	134113
18484	6220
18498	1774459
18500	1745088
18500	1836172
18527	625905
18569	698613
18610	2381984
18637	2024407
18669	1591024
18724	9915
18751	108078
18753	377
18770	2031603
18823	1184618
18860	3786
18886	29729
18896	1300764
18901	53243
18913	561505
18915	199047
18916	1224572
18944	15300
18952	530976
18978	493787
19001	6714
19010	185408
19030	22084
19084	253209
19085	61201
19104	2829
19118	356086
19162	15902
19180	761193
19201	4027
19214	622307
19221	1132541
19234	8159
19234	1984178
19248	38337
19277	1541938
19326	562789
19339	787378
19349	1196076
19390	43162
19390	1568090
19390	1896432
19440	6561
19440	151749
19453	3114
19521	1965
19532	12313
19596	2435
19627	107805
19643	13225
19659	7066
19673	141129
19678	248775
19688	1087920
19688	1103953
19688	1121070
19688	1477419
19702	646005
19710	691365
19716	1835574
19764	2079509
19794	2316971
19861	108530
19899	67959
19899	316699
19925	824006
19963	4250
19963	90080
19984	2111701
20019	830900
20019	2151233
20019	2202050
20019	2327398
20048	46299
20086	659998
20105	689103
20153	2229876
20165	1113696
20209	1814455
20263	324404
20307	1209442
20308	1295977
20335	4275
20380	3279
20400	72972
20400	1587624
20425	77064
20432	1313278
20441	10966
20498	138260
20522	1493364
20590	2197735
20637	174722
20668	1821878
20703	1514829
20730	1957723
20736	1065455
20743	1970853
20793	13040
20842	8431
20859	1682590
20878	3720
20878	1684754
20891	1407532
20896	164263
20899	2731
20902	1954904
20905	1862011
20939	2063456
20974	1708
21047	280926
21106	340575
21114	587586
21147	612776
21169	754306
21196	34122
21225	3984
21324	1347500
21353	461384
21355	94553
21358	1298589
21360	255302
21360	1239521
21360	1934774
21396	686832
21407	16790
21448	1295062
21478	1588225
21501	1761180
21544	1989
21544	1503153
21545	1592426
21603	364568
21614	1613285
21666	412787
21714	1726
21751	935461
21784	1973392
21793	156796
21859	831531
21859	1404850
21864	2323755
21971	102782
21977	1076812
21994	1116501
22005	1715412
22022	144899
22034	990
22104	5852
22127	1454803
22172	59145
22194	2552
22213	2122958
22243	640400
22281	668539
22286	4972
22323	371085
22382	1379
22426	1592462
22454	1648356
22470	2207
22503	581135
22537	6499
22574	1137411
22577	2133082
22624	24237
22631	533504
22677	550945
22711	979852
22743	667591
22762	1592364
22812	9510
22841	2095
22896	1269114
22902	168190
22905	1244682
22906	1293871
22946	351843
22965	2012536
23040	1358025
23075	400411
23082	1264233
23105	12762
23162	1178659
23211	83869
23238	1287321
23239	1243566
23239	1484085
23240	1548850
23241	2253281
23299	1556
23388	395295
23437	684843
23526	1947
23625	2347637
23653	906163
23658	1437804
23689	1270594
23694	549735
23732	243081
23744	1496374
23757	9184
23800	1236885
23800	1374116
23800	1555792
23800	1861744
23846	604564
23850	1824359
23911	3757
23913	1252106
23978	1107665
24011	1115671
24051	2657
24108	339368
24117	2192134
24150	799267
24153	1447805
24153	2110368
24153	2299854
24155	82227
24155	2231401
24156	593470
24156	2090410
24156	2204223
24182	387661
24225	218399
24238	2008596
24250	2055824
24277	641318
24277	1684631
24280	696531
24302	1643218
24308	1721358
24319	1330145
24368	3451
24402	703089
24419	168165
24443	1023554
24446	1157516
24458	1171523
24477	1315797
24480	879466
24487	2123476
24492	1373779
24492	1546092
24492	1803460
24493	1478855
24510	2225964
24520	2176475
24597	19687
24661	3996
24683	136840
24722	2148252
24761	1583454
24761	1885511
24761	2093019
24761	2318880
24772	1124
24772	1690275
24795	1135450
24803	618148
24803	1812984
24803	2071947
24803	2107878
24803	2131876
24803	2161164
24803	2187396
24816	269983
24816	2008231
24816	2151648
24816	2230528
24817	2371577
24832	1442838
24832	2315870
24875	102752
24877	2071789
24898	1431733
24939	1596961
24944	964057
25050	236223
25063	1624975
25081	880317
25081	1482637
25086	432674
25086	1811462
25125	747848
25147	524150
25152	1334056
25198	959910
25262	1638
25296	1713
25305	2328653
25312	1379439
25316	1709983
25349	1695716
25354	1732298
25360	1460481
25369	1364542
25379	1325524
25391	613016
25408	29176
25475	29444
25499	961551
25647	8609
25710	120379
25736	1894460
25740	1511248
25744	1302734
25765	872972
25812	871385
25812	1717696
25840	276611
25846	385858
25846	1067972
25921	14549
25931	1064236
25985	566459
26017	14208
26108	2871
26174	772295
26218	1214569
26236	4972
26269	1993461
26298	562592
26300	1495939
26384	42745
26438	79336
26464	1912928
26478	1151681
26507	2133157
26507	2370939
26543	1004731
26577	431127
26644	1869249
26647	2036796
26648	1751322
26741	85303
26798	875820
26856	5021
26958	8392
26993	8478
27000	65389
27074	1962787
27106	1594669
27171	2194820
27188	1397504
27248	374868
27252	582263
27258	798954
27260	1506681
27262	1999768
27340	263171
27345	1563127
27347	1425226
27347	2358526
27365	1472480
27388	198424
27401	1232138
27429	10195
27429	2150757
27439	1360588
27477	1604869
27504	1700160
27533	587886
27589	682437
27689	3069
27707	1580984
27740	1008084
27773	84871
27854	1987
27946	29375
27946	1058637
27982	1925889
28013	810146
28088	1287688
28091	1456544
28091	1621352
28107	753581
28153	543770
28164	457288
28187	613952
28287	610886
28292	1841135
28293	1746297
28293	2110841
28398	344358
28466	1057050
28477	2034029
28526	245897
28612	9433
28662	108048
28757	126690
28805	88843
28826	2314
28828	1019121
28828	1401149
28838	6596
28850	11369
28968	623671
29001	1469596
29023	2041137
29121	45611
29206	2201589
29231	5239
29324	2321094
29332	2161717
29332	2285813
29346	2225437
29382	2371
29433	1777631
29453	168898
29566	1388
29616	2247637
29637	1842562
29696	4608
29727	1675816
29732	1924138
29749	9512
29810	166
29902	6264
29946	2138069
30041	13559
30062	910700
30094	1715920
30123	226768
30134	1912821
30135	1417541
30137	2026
30191	317345
30224	30223
30231	12515
30240	2310904
30306	1703532
30367	1256223
30392	9374
30436	58272
30469	1492320
30492	14387
30550	822245
30587	62
30627	31096
30662	2338098
30724	441739
30770	764318
30795	2334110
30946	13352
30973	8692
31080	688267
31160	34776
31217	69839
31263	1838231
31328	278886
31376	2008139
31406	2739
31446	665988
31522	480927
31561	1673
31636	476334
31655	1507858
31700	2419
31768	303692
31837	4956
31877	1855667
31914	295449
31956	502044
31991	4263
32003	1445527
32026	925904
32045	2251075
32078	113964
32127	1736058
32203	1145994
32268	1352236
32400	2101259
32459	292614
32459	407494
32460	360006
32512	326155
32604	2295765
32658	2279135
32753	824448
32760	1562335
32780	2310255
32837	2034507
32987	11225
33057	17953
33107	1149058
33118	1034587
33311	921
33313	1946349
33384	1435950
33414	640402
33459	1772223
33533	1111204
33604	3602
33653	838378
33662	1956390
33711	683927
33797	1393948
33879	11926
33901	29510
34008	644195
34024	2324304
34114	32514
34209	102999
34214	123048
34274	1481154
34342	1314678
34384	716008
34431	5391
34562	10752
34566	176067
34569	1143020
34657	2177851
34658	2327431
34679	1855584
34679	1872079
34718	3802
34732	357896
34802	6466
34839	1786144
34916	236201
34925	842108
34950	2299606
35044	1074205
35148	12478
35254	1444477
35323	2253830
35414	1877276
35520	96521
35594	72
35652	1952925
35735	1130877
35770	1006773
35822	1639744
35848	751471
35946	2283608
36095	4294
36224	2517
36233	1418008
36294	1257224
36361	1518752
36387	1342496
36387	1855245
36410	1413767
36447	1795456
36552	1126821
36593	3789
36671	1348189
36711	1558930
36783	163538
36834	1827389
36834	2114132
36834	2380963
36882	1992990
37026	1649
37047	1721277
37102	5079
37219	1570
37291	45955
37359	1967527
37418	66484
37467	1356991
37477	313282
37566	2051467
37569	2200878
37663	28838
37706	2015594
37824	380192
37849	37848
37849	2112199
37925	2145503
37940	2098333
38027	39759
38065	1891384
38191	919772
38337	1446254
38392	1809250
38392	2092044
38481	2134755
38543	1744495
38568	1173367
38568	1253169
38568	1427732
38606	2338857
38719	384999
38807	599991
38896	835183
39076	22557
39291	2900
39387	10752
39579	47025
39579	1557473
39579	2176280
39675	511753
39730	1709053
39748	1059655
39759	1962028
39886	1318242
39936	1821960
40087	877597
40134	40133
40261	735801
40411	453399
40528	1074494
40695	1639583
40820	2241978
40855	2860
40855	1824475
41017	1697753
41034	1069516
41159	764459
41368	1982874
41532	48652
41564	1344248
41705	1493138
41844	174447
41914	1990667
41952	1671456
42106	1508450
42230	1029316
42276	1409660
42407	2598
42610	1007
42677	2187810
42683	26423
42714	1628166
42745	26982
42893	1552987
42953	2358056
43042	1054052
43061	8428
43076	1278217
43162	649589
43202	1998672
43313	1596227
43496	43172
43595	3052
43651	1442543
43720	420564
43734	2096536
43745	1265721
43766	218556
43827	1845871
43881	274619
44041	11798
44170	1764459
44171	2086096
44320	8880
44377	1273379
44518	1758498
44593	598522
44693	1471504
44749	1038153
44815	14212
44903	71413
44992	126657
45179	1891847
45299	1372794
45400	2247002
45509	5867
45641	2163695
45678	1773092
45813	1004324
45896	1965
45962	45952
46159	1017186
46207	317668
46266	22572
46339	35829
46403	4972
46531	2202670
46660	1161007
46781	1535582
46836	1091411
46859	468193
47075	170714
47313	1524922
47540	91725
47634	973746
47769	1614335
47837	28441
47931	983425
47973	1116859
48111	1555962
48111	2242836
48309	281
48320	1767607
48519	131596
48584	1123
48640	2139603
48757	1019334
48859	1056506
48960	655246
48978	1374364
49145	1376410
49502	246565
49687	1550717
49822	42973
49976	1257157
50078	1449889
50352	155315
50478	1179738
50556	344650
50647	1280369
50878	358680
50879	2085415
50961	95986
51094	1134904
51112	51111
51319	1032243
51519	966
51596	611263
51674	883424
51877	100631
52046	347569
52169	886719
52539	1386320
52701	1463375
52770	1682072
52805	684616
52824	1332830
53022	1786527
53106	1057912
53210	19845
53341	1907293
53621	802649
53722	1112109
53853	1713399
54036	839007
54223	280088
54416	822970
54548	1618494
54934	11351
55134	1228708
55141	1763635
55371	2043169
55435	1375416
55646	40112
55786	11909
55827	1862453
56029	271042
56181	5371
56383	1620745
56547	237122
56788	2129868
56958	2299332
57085	247490
57277	1554508
57430	1562634
57595	77640
57738	34209
57905	1353441
58005	7418
58123	1754475
58268	8512
58531	15799
58666	18629
58772	3508
58929	6185
59145	8140
59312	1032151
59438	1717062
59575	1077380
59815	1271355
60134	1850424
60355	388300
60675	311928
60755	1968126
60988	2202817
61262	2159720
61381	1266651
61508	2415
61626	1893292
61764	1715323
61944	186247
62103	2311750
62350	1740071
62478	1207278
62638	63838
62765	1725
62870	1668887
62948	1632043
63101	933582
63331	2186725
63838	1839704
64019	2857
64394	4692
64765	3420
64899	138695
64926	258140
65001	1400208
65149	1365913
65300	5549
65375	1750
65574	8430
65766	225609
65970	7229
66202	738248
66202	1258347
66431	805918
66704	84419
66999	886
67137	2018948
67284	1456708
67488	1330157
67823	962953
68195	584395
68423	1204842
68635	151006
68884	61764
69108	786905
69486	2086150
69697	2258868
69871	2074621
70144	1365992
70396	1752874
70573	7196
71047	8272
71351	1278924
71449	2369272
71764	2295395
72210	1557
72610	7307
72972	7447
73447	1803
73774	4466
74234	1751340
74280	808080
74681	784293
75177	1727969
75544	1696011
75819	1234247
76255	1543932
76850	3336
77151	2109038
77403	7454
77846	32983
78180	1100436
78618	1487401
78755	1994979
78997	1098991
79336	6264
79632	843211
80076	469125
80365	2281915
80655	7811
81151	1773814
81526	514210
81896	278678
82241	1430493
82630	972931
83069	1112581
83314	3547
83415	11271
83743	311270
84319	6320
84630	1187302
84872	84871
85159	33901
85495	1978
85917	1732028
86397	73
86606	1376940
86734	1954633
86781	1770605
87175	972155
87452	1606
87886	1221808
88146	1451
88683	15748
88940	1483690
89203	2739
89383	914509
89600	15657
90328	1475880
90689	1592847
91102	4313
91443	1222087
92008	1024503
92537	1216
93303	1915787
94041	647172
94352	997456
94623	393
94885	2092565
95305	2237856
95989	2707
96525	31914
96730	3595
97453	1090232
98015	932
98529	2232175
98746	1748120
99217	1379
99649	1890310
99982	366661
100480	1887654
100942	1199896
101639	8155
102355	606385
103261	2578
103674	1264290
104157	1953592
104992	2359134
105805	1835075
106695	1161391
107580	6025
108203	2258691
108920	1300582
109552	2335831
110060	1819700
110556	2019
110917	2022544
111135	24944
111894	1142695
112561	940
112784	2098413
113179	2166319
113823	51877
114299	704989
115004	16059
115824	4163
116750	16842
117338	1454
117687	3459
118233	1451358
118889	12515
119636	521451
120363	578279
120763	10743
121429	1586128
122253	1430555
122929	1211866
123575	1874704
124318	1506
125581	1249
126277	667441
127052	947880
127448	1617801
128778	3904
130026	18745
130954	83945
131889	867129
132677	675201
133253	7438
133751	2311799
134746	1765609
135674	58723
137015	1183532
137015	1777124
137768	1563689
138388	760303
139572	804686
140488	1379037
141334	29557
141828	15044
142972	409604
143747	9402
144445	2359
144904	632691
145840	40559
146750	1440946
148269	25
149100	1380304
149964	2339978
151022	1620371
152495	94352
153672	11728
154345	1340432
156228	321871
158045	13490
159063	159062
159921	641118
160873	322503
162393	65958
163978	11267
164951	2344855
166343	1386324
167139	2267997
168120	651696
169143	7616
170710	6903
171970	115829
173665	1875769
175153	1913158
176928	4740
178425	4466
179610	2087
181262	2065506
182409	1044769
184062	3493
184856	4439
186032	2356632
188173	191781
189388	1689891
191045	853
192592	477530
194076	2856
196529	5162
198435	5791
201170	1164
203018	1454025
204571	952277
208072	1113429
210034	1935
212583	419360
215628	860
217948	217947
220136	1668709
221949	48858
223734	1243
226608	1946749
227868	455363
233638	4808
237110	16414
238796	588029
242396	2210514
245651	19926
249606	820704
253763	2147637
256600	754365
260567	34718
263731	61388
265710	299
270229	1618
274515	5414
278345	2290516
281497	1615677
284502	7763
290113	823152
294578	2845
300476	14536
303182	131
306517	13344
309950	49878
312603	495
315539	15606
318970	26461
322641	12709
325465	86819
328541	1018302
334090	334089
338898	10437
343387	917
348877	395239
356482	23613
362734	38568
369856	62775
375142	501660
380710	453752
384799	7154
389989	155
395069	11609
398350	1045989
406218	1916806
412748	820172
420524	1024433
428634	12920
436501	22426
443588	18438
449009	1571777
456421	456420
466444	466443
472288	2093
479155	1644
487157	12664
494917	2363
502546	4942
507541	9738
515391	95114
520542	520540
533640	1932692
545301	81335
552919	1644
563136	646927
571544	571545
581197	1157
590936	2157
602642	1279074
612483	409807
620619	649371
627238	4972
637016	1842002
641791	1781545
651636	1907021
658461	5144
669630	5746
679433	1970
691010	17126
702224	3530
716477	716476
727679	6908
737801	9460
751742	9389
764818	7606
773080	627158
784750	1751
797371	23689
805747	805746
819526	20428
835719	835718
851764	851763
866166	23657
886966	1694
903763	903768
910918	2353576
921337	10720
935453	1537391
950019	25125
965247	21501
988684	988685
1011564	6026
1033434	7318
1057965	4838
1080725	2376
1102634	1249
1124892	3887
1146564	2270121
1175366	3828
1206197	466932
1218985	9455
1250126	2956
1287227	1127
1316512	936533
1345025	33
1376195	2420
1416214	1934626
1434925	5573
1467874	7873
1509151	2376
1537206	3720
1566265	23075
1614890	16428
1672496	31254
1716187	89157
1762984	1764
1815438	1888573
1855410	1868182
1900868	1900869
1967852	3493
2035209	990
2158780	13945
2211061	2217820
2339541	120619
