# Directed graph (each unordered pair of nodes is saved once): WikiTalk.txt 
6	126185
25	328447
25	2262718
48	115
63	680242
69	1055932
81	1175132
116	165517
131	96504
138	389014
149	1456
168	89168
181	461618
201	1167854
206	268711
213	19871
241	216352
261	562422
280	2707
297	1775488
299	1207465
327	1304
361	51631
374	4
393	48524
412	243610
421	5483
458	149
483	265138
519	183749
545	101248
555	2375978
699	3058
747	933
780	288109
823	4156
844	18306
860	88027
886	1924
903	1377
923	13056
941	118780
954	87754
965	129316
989	362
999	318232
1013	1194684
1029	107690
1038	249850
1066	1159
1075	324162
1089	1366081
1103	26752
1113	89256
1113	1329961
1122	4235
1129	2017291
1177	1432173
1190	473742
1199	103824
1216	2072956
1244	56061
1291	8193
1304	73506
1329	1195441
1344	1704639
1382	91430
1394	124368
1425	106120
1446	42428
1454	325348
1468	18782
1501	1039
1511	291144
1527	287093
1551	144276
1573	4984
1591	171301
1600	1682
1611	1097654
1618	1650232
1638	810272
1659	710798
1661	1017952
1692	1431
1698	941920
1713	1078934
1720	536142
1722	1620321
1731	1868851
1760	1315860
1764	902582
1764	1373064
1764	2032940
1782	1375087
1799	478209
1806	188230
1834	1241676
1882	10863
1896	3510
1896	1548134
1898	2208898
1909	1600654
1913	1863784
1913	2191077
1935	180039
1962	1758157
1978	996284
1985	1626534
1987	1311718
2017	922324
2023	2039600
2043	75076
2053	557767
2093	515485
2117	8750
2201	6096
2233	243524
2277	123863
2297	1976660
2327	792223
2333	2028699
2365	1581426
2376	790237
2387	1900617
2390	1482670
2406	1043744
2418	444493
2424	2370767
2525	1121
2548	1921129
2569	68
2584	954
2598	1387212
2607	360075
2607	1815916
2624	1995880
2641	1936212
2707	51094
2743	2195459
2780	172
2851	563996
2857	2258645
2871	1564018
2910	1911908
2931	1632974
2951	104269
3036	6718
3052	844023
3058	2024168
3119	1261068
3185	325034
3215	388732
3215	1667348
3215	1955895
3215	2039499
3215	2095195
3215	2138860
3215	2191759
3215	2252485
3215	2306115
3215	2355948
3245	7034
3277	1869
3312	878837
3336	1925153
3354	2140516
3430	332646
3443	452280
3458	1556
3496	810081
3511	1291494
3525	595088
3554	1213265
3581	1911167
3600	1488252
3627	1191608
3658	1686279
3658	2186548
3687	81747
3704	6154
3759	19173
3800	560956
3805	1812805
3823	166920
3827	1506497
3878	775347
3952	19914
3996	9501
4018	1199861
4036	1329
4045	1421205
4099	2857
4133	305323
4171	500074
4199	690885
4250	434078
4276	1028000
4294	1274901
4312	1158433
4320	2241880
4339	1050619
4428	195555
4441	64256
4466	479739
4543	20629
4551	2239907
4565	367308
4565	1096184
4576	940521
4634	3309
4678	1745
4690	753979
4709	24248
4728	15306
4797	712157
4820	710003
4847	776419
4889	971669
4935	370760
4936	848903
4972	442077
4990	11728
5032	2198
5091	1532315
5139	9462
5169	1564294
5226	317572
5273	876033
5372	4052
5410	948793
5496	2871
5565	4320
5686	19399
5758	1898
5758	1616791
5782	1085187
5813	1377005
5837	448072
5952	103968
5986	289841
6075	9595
6117	1014447
6210	130379
6252	16441
6355	1056988
6399	56217
6454	1256285
6504	659567
6568	4080
6587	582432
6712	311685
6714	1577149
6718	370791
6732	735493
6777	1014155
6856	379
6927	1717135
6997	3637
7031	1301280
7097	1006285
7167	18901
7238	30299
7301	4719
7307	874022
7318	1218980
7334	1496289
7408	37542
7423	5197
7438	448490
7438	1540169
7452	1899173
7554	1494987
7605	268889
7605	808977
7712	767067
7756	1633681
7756	2236922
7812	2136290
7902	1071743
8003	1121
8056	1041499
8103	1236977
8133	1419964
8159	939512
8272	2388160
8350	500
8409	135458
8457	1784016
8539	111000
8593	764464
8618	1312145
8666	777
8720	2202490
8772	17495
8800	2133122
8867	885582
8965	37160
9021	1434366
9099	342471
9165	1380574
9279	224422
9376	498621
9426	621707
9460	1005702
9503	1619735
9626	1022
9738	564122
9814	2048
9935	986981
9999	1855744
10146	2697
10168	2143650
10414	515166
10453	2293123
10551	463164
10701	1047162
10801	1410720
10879	601671
10911	1749095
10994	2384746
11187	1159665
11267	1166525
11337	1573756
11420	12708
11651	1610639
11728	359505
11751	1811159
11906	338
11983	338
12095	509545
12120	2133913
12147	1275669
12164	418374
12406	1558
12528	38730
12762	568259
12848	2276363
12926	1173530
13060	100014
13124	1715629
13176	1777822
13178	2120185
13334	897263
13443	1472710
13543	341170
13612	1485101
13674	622158
13782	20025
13859	479452
13944	2249052
13986	1931774
14041	7009
14183	1713322
14244	613685
14283	173044
14295	1909071
14429	953732
14505	1413408
14568	96632
14631	252103
14798	45683
15012	104796
15114	1569118
15194	830297
15242	2338716
15431	155679
15609	1708
15747	417842
15881	1573596
15941	1859880
15986	1552702
16092	533234
16111	791732
16195	330
16430	25840
16533	348846
16656	1661762
16810	270062
16996	1389083
17070	248065
17399	393
17634	1433185
17902	234027
18115	90591
18252	1039665
18438	2033
18637	2024407
18901	53243
19084	253209
19234	1984178
19440	151749
19688	1087920
19899	67959
20048	46299
20380	3279
20668	1821878
20891	1407532
21147	612776
21360	1934774
21614	1613285
21977	1076812
22243	640400
22574	1137411
22896	1269114
23162	1178659
23526	1947
23800	1374116
24108	339368
24156	2204223
24319	1330145
24492	1373779
24761	1583454
24803	2107878
24832	2315870
25086	432674
25316	1709983
25647	8609
25846	1067972
26298	562592
26644	1869249
27106	1594669
27347	1425226
27533	587886
28013	810146
28293	1746297
28826	2314
29231	5239
29637	1842562
30094	1715920
30367	1256223
30770	764318
31406	2739
31914	295449
32400	2101259
32837	2034507
33533	1111204
34114	32514
34657	2177851
34950	2299606
35770	1006773
36387	1855245
36834	2380963
37477	313282
38027	39759
38568	1427732
39579	2176280
40411	453399
41532	48652
42610	1007
43162	649589
43827	1845871
44749	1038153
45813	1004324
46781	1535582
47973	1116859
48960	655246
50556	344650
51674	883424
53106	1057912
54934	11351
56383	1620745
58005	7418
59575	1077380
61626	1893292
63101	933582
65300	5549
67137	2018948
69697	2258868
72610	7307
76255	1543932
79632	843211
83314	3547
86606	1376940
89383	914509
94352	997456
98746	1748120
104157	1953592
110917	2022544
116750	16842
122929	1211866
131889	867129
139572	804686
148269	25
159921	641118
171970	115829
186032	2356632
204571	952277
227868	455363
263731	61388
303182	131
338898	10437
395069	11609
466444	466443
545301	81335
637016	1842002
737801	9460
866166	23657
1033434	7318
1287227	1127
1614890	16428
2211061	2217820
