Top 100 Authorities by HITS
33 2.83173652889e-05
1249 2.7091114051e-05
1644 2.18594759071e-05
2093 2.15139045857e-05
2376 1.95953689626e-05
1882 1.94427111135e-05
145 1.92333161362e-05
1558 1.91867885433e-05
619 1.88777820521e-05
3493 1.86925855123e-05
12147 1.82265557535e-05
3052 1.81966032594e-05
4972 1.81449458127e-05
2569 1.80980795563e-05
3786 1.78444284235e-05
4313 1.77590592027e-05
278886 1.75792123721e-05
957 1.75207188538e-05
7445 1.70384544482e-05
960 1.6952865468e-05
1803 1.688363819e-05
10919 1.66572076813e-05
903 1.65574491822e-05
2952 1.64839019213e-05
2390 1.60575607926e-05
2871 1.57161466435e-05
1446 1.54765156072e-05
1021 1.53427249961e-05
25 1.53375687923e-05
1124513 1.52771875538e-05
63 1.51654214951e-05
3659 1.51531870682e-05
7452 1.51422314215e-05
990 1.51038544857e-05
418 1.49007610838e-05
1764 1.49002522527e-05
1754 1.4851481311e-05
1820 1.48271473038e-05
8105 1.47897531485e-05
4197 1.47788978175e-05
2142 1.47776510244e-05
1646 1.47194427334e-05
1351 1.46482152699e-05
4018 1.45442574268e-05
1431 1.43880663953e-05
10911 1.4367843856e-05
1103 1.43592699141e-05
7448 1.42513192738e-05
2607 1.40014937438e-05
952 1.39622282562e-05
66732 1.37916597749e-05
1962 1.37799939336e-05
1694 1.37644570704e-05
1113 1.37523124288e-05
4251 1.3724387177e-05
155 1.36807063861e-05
3 1.36331083656e-05
1450 1.36194288058e-05
172 1.35048201627e-05
2049138 1.34760608378e-05
1620 1.34640846188e-05
242 1.34436885735e-05
4709 1.33766893246e-05
3878 1.32809443477e-05
2731 1.32244869814e-05
3795 1.32069128114e-05
1661 1.3048419871e-05
142 1.30135628784e-05
7438 1.29192327056e-05
1982 1.29180838638e-05
2816 1.29107886755e-05
1468 1.28353064467e-05
3433 1.28108914103e-05
197049 1.27793500348e-05
244322 1.27287127291e-05
168739 1.27215652205e-05
15188 1.2541978071e-05
384 1.25299959748e-05
2768 1.25067056216e-05
135531 1.24731743744e-05
4690 1.24686153305e-05
1511 1.24406944744e-05
1723 1.24259286745e-05
2207 1.24082255848e-05
1989 1.23841299721e-05
3124 1.23473340273e-05
7318 1.23336319813e-05
32905 1.23005571681e-05
25068 1.22533333616e-05
1030 1.22455407291e-05
4551 1.22116068117e-05
4099 1.21989175641e-05
2587 1.21814052043e-05
257271 1.215938624e-05
907 1.21581740305e-05
1190 1.21074373071e-05
105277 1.2104498087e-05
1087239 1.2103182543e-05
5004 1.20975883409e-05
90880 1.20671174626e-05
