Top 100 Nodes by PageRank
1764 0.000235292246374
33 0.000193709646934
3823 0.000180062494484
338 0.000116049001668
1511 0.000114990267403
3 0.00011386248191
1113 0.000111232732511
853 0.0001091420726
7307 0.000107991686488
6908 9.9342977657e-05
69 9.50969521828e-05
4972 9.44742532735e-05
2371 9.4108903852e-05
952 9.26438735538e-05
3504 9.24134533224e-05
7438 8.63100203545e-05
1978 8.58377247025e-05
155 8.49323483127e-05
1454 8.4901710688e-05
2857 8.37425876978e-05
127 7.91935259805e-05
4847 7.86569244309e-05
3052 7.79393278646e-05
4439 7.62871309507e-05
5162 7.61882125853e-05
1964 7.60811039682e-05
2376 7.38935054581e-05
736 7.3299216878e-05
14289 7.27367543326e-05
1882 7.15058353216e-05
5004 6.98702694931e-05
2207 6.73874426291e-05
1661 6.39138396846e-05
7318 6.36015372677e-05
1644 6.3507428816e-05
1055 6.3417303023e-05
4565 6.17367182825e-05
2093 6.03527032716e-05
1591 5.95679665101e-05
3433 5.80528713639e-05
131 5.77054461024e-05
5758 5.77032842816e-05
81 5.76166415915e-05
1304 5.6156322207e-05
4709 5.38769125422e-05
3493 5.35672240324e-05
4251 5.21672585684e-05
5852 5.21016816878e-05
2707 5.19426894312e-05
3878 5.1078517444e-05
1382 4.92484595428e-05
1558 4.92198722339e-05
3786 4.92071294928e-05
145 4.88517354173e-05
3690 4.87144084862e-05
16996 4.85853632071e-05
6777 4.85452578209e-05
4466 4.82189871717e-05
1722 4.80664754492e-05
63 4.80580532378e-05
619 4.78270071403e-05
3185 4.65281824443e-05
160 4.65278549263e-05
6562 4.62096354554e-05
706 4.59917749559e-05
1451 4.58462821732e-05
5000 4.57217080696e-05
1190 4.57214008594e-05
7902 4.50651371786e-05
957 4.42532015509e-05
2607 4.39320628417e-05
2871 4.35207562349e-05
9738 4.31360311853e-05
1611 4.27542088254e-05
2406 4.23737697366e-05
4600 4.22003678346e-05
2569 4.2130225377e-05
1659 4.20585112982e-05
547 4.10130641541e-05
2390 4.06287364058e-05
3451 4.05458535482e-05
7756 4.03538265204e-05
17070 4.03033507944e-05
6718 3.95298353103e-05
25 3.94715527717e-05
4339 3.93105238844e-05
1351 3.91900672049e-05
172 3.90945222249e-05
4690 3.88910683399e-05
1129 3.86327926936e-05
986 3.86022751494e-05
2598 3.8353824046e-05
1694 3.81396510727e-05
3525 3.78556623761e-05
2418 3.77857536594e-05
8861 3.77744919591e-05
3813 3.75227063071e-05
12117 3.71692003732e-05
12088 3.70824846535e-05
4841 3.68435478774e-05
