0 0.0599033816425
1 0.0818713450292
2 0.118577075099
3 0.0
4 0.0
5 0.047619047619
6 0.077380952381
7 0.0
8 0.047619047619
9 0.147186147186
10 0.0676031606673
11 0.0531073446328
12 1.0
13 0.068710359408
14 0.0639386189258
15 0.0952380952381
16 0.0485096434833
17 0.111111111111
18 0.130718954248
19 0.177777777778
20 0.0
21 0.133333333333
22 0.0886699507389
23 0.115864527629
24 0.12012012012
25 0.0
26 0.109090909091
27 0.105263157895
28 0.212121212121
29 0.0
30 0.175
31 0.121212121212
32 0.0695187165775
33 0.0938833570413
34 0.305555555556
35 0.0782361308677
36 0.217948717949
37 0.102941176471
38 0.0879120879121
39 0.0
40 0.0952380952381
41 0.111111111111
42 0.10989010989
43 0.25
44 0.110741971207
45 0.0262133100843
46 0.228571428571
47 0.141666666667
48 0.110294117647
49 0.0357142857143
50 0.0911680911681
51 0.0608465608466
52 0.047619047619
53 0.285714285714
54 0.125
55 0.0580693815988
56 0.333333333333
57 0.0549450549451
58 0.222222222222
59 0.333333333333
60 0.0666666666667
61 0.151515151515
62 0.0793650793651
63 1.0
64 0.131578947368
65 1.0
66 0.266666666667
67 0.318681318681
68 0.0
69 0.0
70 0.0
71 0.1
72 0.166666666667
73 0.047619047619
74 0.0909090909091
75 0.666666666667
76 0.173684210526
77 0.133333333333
78 0.05
79 0.166666666667
80 0.0926916221034
81 0.121212121212
82 1.0
83 0.0
84 0.0
85 0.5
86 0.116883116883
87 0.0
88 0.238095238095
89 0.277777777778
90 0.0952380952381
91 0.533333333333
92 0.2
93 0.0380952380952
94 0.5
95 0.178571428571
96 0.0526315789474
97 0.0909090909091
98 0.0666666666667
99 0.155555555556
100 0.0
101 0.142857142857
102 0.047619047619
103 0.153846153846
104 0.311111111111
105 0.161764705882
106 0.0181818181818
107 0.0277777777778
108 0.0
109 0.0997150997151
110 0.333333333333
111 0.2
112 0.118577075099
113 0.0666666666667
114 0.0735930735931
115 0.121212121212
116 0.121052631579
117 0.0583717357911
118 0.1
119 0.163157894737
120 0.177777777778
121 0.4
122 0.0761904761905
123 0.0
124 0.1
125 0.0
126 0.241830065359
127 0.0
128 0.0545454545455
129 0.120879120879
130 0.0
131 0.0
132 0.0
133 0.109243697479
134 0.0
135 0.0
136 0.166666666667
137 0.0
138 0.021978021978
139 0.333333333333
140 0.0
141 0.0512820512821
142 0.142857142857
143 0.0181818181818
144 0.0
145 0.166666666667
146 0.0441176470588
147 0.0
148 0.0952380952381
149 0.0
150 0.333333333333
151 0.0
152 0.0
153 0.116883116883
154 0.0
155 0.145454545455
156 0.0682926829268
157 0.142857142857
158 0.0952380952381
159 0.4
160 0.4
161 0.0277777777778
162 0.111111111111
163 0.108333333333
164 0.0952380952381
165 0.0952380952381
166 0.0718954248366
167 0.0952380952381
168 0.141025641026
169 0.4
170 0.15
171 0.032967032967
172 0.0782051282051
173 0.242424242424
174 0.196666666667
175 1.0
176 0.0504032258065
177 0.0
178 0.4
179 0.137254901961
180 0.100529100529
181 0.52380952381
182 0.236363636364
183 0.6
184 0.121212121212
185 0.0666666666667
186 0.0
187 0.183823529412
188 0.333333333333
189 0.164835164835
190 0.666666666667
191 0.380952380952
192 0.0
193 0.0
194 0.0
195 0.2
196 0.1
197 0.194444444444
198 0.0952380952381
199 0.0897435897436
200 0.1
201 0.0727272727273
202 0.0367647058824
203 0.0666666666667
204 0.3
205 0.0181818181818
206 0.166666666667
207 0.244444444444
208 1.0
209 0.1
210 0.0888888888889
211 0.166666666667
212 0.333333333333
213 0.266666666667
214 0.0827586206897
215 0.333333333333
216 0.111111111111
217 0.0952380952381
218 0.0444444444444
219 0.0
220 0.0
221 0.2
222 0.466666666667
223 0.133333333333
224 0.103896103896
225 1.0
226 0.1
227 0.0277777777778
228 0.10989010989
229 0.190476190476
230 0.0
231 0.142857142857
232 0.0
233 0.238095238095
234 0.25
235 0.102564102564
236 0.333333333333
237 0.166666666667
238 0.0
239 0.0
240 0.0
241 0.142857142857
242 0.0
243 0.3
244 0.1
245 0.2
246 0.0277777777778
247 0.0714285714286
248 0.155555555556
249 0.047619047619
250 0.0
251 0.0659340659341
252 0.166666666667
253 0.0
254 0.0181818181818
255 0.145454545455
256 0.111111111111
257 0.1
258 0.0
259 0.0
260 0.142857142857
261 0.0
262 0.666666666667
263 0.166666666667
264 0.0
265 0.0711462450593
266 0.19696969697
267 0.19696969697
268 0.0897435897436
269 0.5
270 0.333333333333
271 0.0952380952381
272 0.0
273 0.0
274 0.0
275 0.0
276 0.0
277 0.0
278 0.0277777777778
279 0.0
280 0.0
281 0.466666666667
282 0.3
283 0.190476190476
284 0.122529644269
285 0.0
286 0.0
287 0.3
288 0.0
289 0.0
290 0.0
291 0.5
292 0.333333333333
293 0.0
294 0.5
295 0.142857142857
296 0.0597701149425
297 0.25
298 0.0631578947368
299 0.111111111111
300 0.0
301 0.0
302 0.0
303 0.0
304 0.155555555556
305 0.12
306 0.666666666667
307 0.0757575757576
308 0.5
309 0.0
310 0.0
311 0.109090909091
312 0.0952380952381
313 0.107142857143
314 0.0
315 0.5
316 0.133333333333
317 0.1
318 0.155555555556
319 0.0888888888889
320 0.0
321 0.333333333333
322 0.047619047619
323 0.133333333333
324 0.0
325 0.104761904762
326 0.0
327 0.0
328 0.0
329 0.124731182796
330 0.0
331 0.0
332 0.0
333 0.0
334 0.0
335 0.333333333333
336 0.666666666667
337 0.0
338 0.0
339 0.194444444444
340 0.0
341 0.0
342 0.0
343 0.0
344 0.138888888889
345 0.0
346 0.166666666667
347 0.102564102564
348 1.0
349 0.0769230769231
350 0.4
351 0.0566502463054
352 0.0797101449275
353 0.214285714286
354 0.333333333333
355 0.333333333333
356 0.127272727273
357 0.0363636363636
358 0.0
359 0.0833333333333
360 0.0
361 0.25
362 0.0
363 0.0
364 0.166666666667
365 0.0277777777778
366 0.0
367 0.0
368 0.666666666667
369 0.0
370 0.0
371 0.0952380952381
372 0.333333333333
373 0.0
374 0.333333333333
375 0.107142857143
376 0.0
377 0.333333333333
378 0.0
379 0.0
380 1.0
381 0.333333333333
382 0.0955882352941
383 0.0
384 0.666666666667
385 0.214285714286
386 0.0808823529412
387 0.47619047619
388 0.0
389 0.0
390 0.266666666667
391 0.2
392 0.166666666667
393 0.0
394 0.0
395 0.0
396 0.0
397 0.0
398 0.0
399 0.0
400 0.0
401 0.0357142857143
402 1.0
403 0.0
404 0.0
405 0.0
406 0.0
407 0.0
408 0.0
409 0.0
410 0.111111111111
411 0.0
412 1.0
413 0.333333333333
414 0.0
415 0.0
416 0.0357142857143
417 0.321428571429
418 0.0
419 0.0
420 0.666666666667
421 0.6
422 0.157894736842
423 0.0
424 0.666666666667
425 0.120879120879
426 0.127272727273
427 0.0
428 0.0649350649351
429 0.0
430 0.05
431 0.0
432 0.111111111111
433 1.0
434 0.0
435 0.0
436 0.2
437 0.333333333333
438 0.0
439 0.1
440 0.0714285714286
441 0.333333333333
442 0.130718954248
443 1.0
444 0.0277777777778
445 0.5
446 0.15
447 0.4
448 0.0666666666667
449 0.0833333333333
450 0.0
451 0.333333333333
452 0.2
453 0.0
454 0.0
455 0.0
456 0.2
457 1.0
458 0.0
459 0.0384615384615
460 0.0
461 0.0
462 0.333333333333
463 0.166666666667
464 0.0
465 0.1
466 0.0
467 1.0
468 0.151515151515
469 0.0
470 0.166666666667
471 0.2
472 0.0
473 0.0
474 0.0
475 0.238095238095
476 0.0
477 0.2
478 0.0
479 0.0
480 0.0
481 0.0
482 0.0
483 0.0
484 0.0
485 0.0
486 0.166666666667
487 0.0
488 0.0
489 0.5
490 0.0
491 0.0
492 0.0
493 0.0
494 0.666666666667
495 0.666666666667
496 0.5
497 0.133333333333
498 0.0952380952381
499 0.222222222222
500 0.166666666667
501 1.0
502 0.0
503 0.3
504 0.0
505 0.0
506 0.0
507 0.0
508 0.0
509 0.166666666667
510 0.0
511 0.0
512 0.0
513 0.333333333333
514 0.0
515 0.0
516 0.272727272727
517 0.142857142857
518 0.0
519 0.0
520 1.0
521 0.0
522 0.0
523 0.333333333333
524 0.190476190476
525 0.0
526 0.0
527 0.0757575757576
528 1.0
529 0.0
530 0.0
531 0.0
532 0.0
533 0.0
534 1.0
535 0.0
536 0.133333333333
537 0.0
538 0.666666666667
539 0.236363636364
540 0.5
541 0.0
542 0.333333333333
543 1.0
544 0.666666666667
545 0.833333333333
546 1.0
547 1.0
548 0.0
549 0.0
550 0.0
551 0.0
552 0.0
553 0.0
554 1.0
555 0.0
556 0.0
557 0.0
558 0.0
559 0.133333333333
560 0.155555555556
561 0.138888888889
562 0.0
563 1.0
564 0.428571428571
565 0.254545454545
566 0.0
567 0.833333333333
568 1.0
569 0.0
570 0.0
571 0.0
572 0.0
573 0.3
574 0.0
575 0.177777777778
576 0.0
577 0.0
578 0.0
579 0.0
580 0.0
581 0.0
582 0.0
583 0.0
584 0.142857142857
585 0.0666666666667
586 0.0
587 0.0
588 0.0
589 0.0
590 0.333333333333
591 0.333333333333
592 0.0
593 0.0
594 0.107142857143
595 0.333333333333
596 0.047619047619
597 0.0
598 0.0
599 0.0
600 0.0
601 0.0
602 0.1
603 1.0
604 0.0
605 0.0
606 0.0
607 0.2
608 0.133333333333
609 0.0
610 0.666666666667
611 0.142857142857
612 0.333333333333
613 0.0
614 0.0
615 0.0
616 0.0
617 0.0
618 0.333333333333
619 0.333333333333
620 0.0
621 0.1
622 0.0
623 0.166666666667
624 0.145454545455
625 0.666666666667
626 0.0
627 0.0
628 0.0909090909091
629 0.166666666667
630 0.0
631 0.1
632 0.0
633 0.0
634 0.0
635 0.6
636 0.333333333333
637 0.0
638 0.0
639 0.0
640 0.0
641 0.133333333333
642 0.0
643 0.4
644 0.5
645 0.0
646 0.0
647 1.0
648 0.0
649 0.0
650 0.0
651 0.0
652 0.533333333333
653 0.333333333333
654 1.0
655 0.0
656 0.0
657 0.0
658 0.0
659 0.3
660 1.0
661 0.0
662 1.0
663 0.0
664 0.0
665 0.0
666 0.0
667 0.0
668 0.333333333333
669 0.333333333333
670 0.190476190476
671 0.5
672 0.0
673 1.0
674 1.0
675 0.0
676 0.333333333333
677 0.333333333333
678 0.0
679 0.0
680 0.0
681 0.0
682 0.0
683 0.333333333333
684 0.0666666666667
685 0.0
686 0.0
687 0.166666666667
688 0.0
689 0.0
690 0.166666666667
691 0.0
692 0.0
693 0.0
694 0.0
695 0.0
696 1.0
697 0.166666666667
698 0.0
699 0.177777777778
700 1.0
701 0.4
702 0.0
703 0.0
704 0.133333333333
705 0.0
706 0.0
707 1.0
708 0.0
709 0.0
710 0.0
711 1.0
712 0.0
713 0.2
714 1.0
715 0.333333333333
716 0.0
717 1.0
718 0.0
719 0.0
720 0.333333333333
721 0.0714285714286
722 0.0
723 0.0
724 1.0
725 0.0
726 0.2
727 0.0
728 0.166666666667
729 0.0
730 0.0
731 0.0
732 0.0
733 0.0
734 0.0
735 0.0357142857143
736 0.0
737 0.0
738 0.0
739 0.333333333333
740 0.0
741 0.0
742 1.0
743 0.166666666667
744 0.0
745 0.0
746 0.0
747 0.0
748 0.0
749 0.0
750 0.0
751 0.0
752 0.0
753 0.0
754 0.0
755 0.0
756 0.0
757 1.0
758 0.0
759 0.0
760 0.0
761 0.0
762 0.0
763 0.0
764 0.0
765 0.0
766 0.0
767 0.0
768 0.0
769 0.0
770 0.0
771 0.0
772 0.0
773 0.0
774 0.0
775 0.0
776 0.0
777 0.0
778 0.0
779 0.0
780 0.0
781 0.0
782 0.0
783 0.0
784 0.0
785 0.0
786 0.0
787 0.0
788 0.0
789 1.0
790 0.0
791 0.0
792 0.0
793 0.0
794 0.0
795 0.0
796 0.0
797 0.0
798 0.0
799 0.0
800 0.0
801 0.0
802 0.333333333333
803 0.0
804 0.0
805 0.0735930735931
806 0.0
807 1.0
808 1.0
809 0.166666666667
810 0.0
811 0.0
812 0.0
813 0.0
814 0.0
815 0.333333333333
816 0.0
817 0.0
818 1.0
819 0.0
820 1.0
821 1.0
822 0.0
823 0.0
824 0.0
825 1.0
826 0.0
827 0.0
828 0.0
829 0.0
830 0.0
831 0.0
832 0.0
833 0.0
834 0.0
835 0.0
836 0.0
837 1.0
838 0.0
839 0.0
840 0.0
841 0.0
842 0.0
843 0.0
844 0.0
845 0.0
846 0.0
847 0.0
848 0.0
849 0.0
850 0.0
851 0.0
852 0.0
853 0.0
854 0.0
855 0.0
856 0.0
857 0.0
858 1.0
859 0.0
860 0.0
861 1.0
862 0.0
863 0.0
864 0.0
865 0.0
866 0.0
867 0.0
868 0.0
869 0.0
870 0.0
871 0.166666666667
872 0.0
873 0.0
874 0.0
875 1.0
876 0.0
877 0.5
878 1.0
879 0.0
880 0.0
881 0.0
882 0.0
883 0.0
884 0.0
885 0.0
886 0.0
887 1.0
888 1.0
889 1.0
890 0.333333333333
891 0.0
892 0.0
893 0.0
894 0.0
895 0.0
896 0.0
897 0.0
898 0.0
899 0.0
900 0.0
901 1.0
902 1.0
903 0.0
904 0.0
905 0.0
906 0.0
907 0.0
908 0.0
909 0.0
910 1.0
911 0.0
