0 24
24 0
0 1
1 0
42 1
1 164
164 1
1 85
85 1
804 6
329 6
235 6
172 6
45 6
6 174
684 449
684 74
10 225
661 10
11 12
74 11
11 76
11 45
45 11
11 279
11 446
12 13
373 13
14 584
225 14
535 16
607 16
531 176
351 531
22 185
22 172
172 22
22 837
22 103
311 24
24 296
427 24
54 24
24 23
23 24
24 825
24 317
24 446
319 24
26 51
646 26
164 27
27 430
329 32
32 122
32 347
32 271
271 32
33 97
42 33
465 35
35 579
549 550
550 74
44 442
44 214
45 643
837 45
74 45
45 63
63 45
48 809
164 48
561 296
305 50
74 50
50 61
50 455
51 708
176 55
55 230
317 61
329 579
579 498
579 389
389 580
580 581
164 584
73 74
829 73
74 72
202 74
74 116
116 74
338 74
74 426
596 114
114 596
268 596
85 86
425 86
86 428
428 86
86 271
390 607
96 373
373 96
96 119
97 210
103 295
112 305
112 164
164 112
426 114
116 809
809 116
116 164
164 116
116 206
116 257
323 117
117 390
341 632
735 632
122 166
166 122
498 643
643 230
386 23
446 23
358 661
704 156
156 317
164 164
164 164
164 210
166 174
805 185
704 442
708 709
709 710
710 329
199 426
206 323
210 211
311 210
301 211
214 257
352 735
233 305
236 233
268 235
765 72
72 765
254 425
805 254
498 767
767 439
437 268
784 389
389 784
279 341
804 805
805 430
295 315
300 301
347 305
305 318
825 446
315 352
317 318
421 329
337 338
351 867
867 357
357 358
386 358
389 465
426 427
437 428
436 437
436 439
439 436
439 437
438 439
439 472
