389 465
389 580
45 389
219 10
53 10
16 573
573 16
21 99
24 235
235 24
24 45
45 24
156 475
156 853
41 33
33 187
475 476
475 45
45 475
475 377
474 475
635 475
475 636
41 620
299 81
81 299
299 44
44 187
45 233
45 81
81 45
255 45
635 51
51 255
105 53
573 235
81 81
81 81
99 219
226 122
122 226
114 465
620 122
114 105
105 114
377 635
255 255
255 255
284 683
86 683
11 37
37 11
810 14
14 76
76 14
24 296
197 24
45 284
821 32
303 32
805 76
51 296
299 810
172 611
611 172
172 575
45 105
105 45
45 843
486 45
239 303
51 255
86 821
53 54
105 53
53 53
53 53
575 449
197 449
843 844
844 37
238 78
78 375
375 611
486 487
744 239
238 239
255 255
255 255
386 576
386 162
227 261
261 261
261 261
261 201
42 261
117 261
261 9
824 261
9 80
219 10
10 228
11 42
42 11
11 699
699 11
538 539
539 540
540 539
162 540
699 544
544 364
176 201
629 176
62 202
598 117
69 576
202 322
322 229
69 364
200 80
227 228
99 219
352 104
104 352
229 352
99 104
370 371
371 629
97 517
349 517
140 16
140 62
16 312
531 176
351 531
23 426
426 23
860 23
248 24
24 47
179 187
202 670
670 671
671 202
176 97
189 426
189 45
45 447
447 45
47 344
344 48
48 180
248 51
62 51
51 631
180 187
187 180
312 346
354 351
447 349
346 202
346 735
357 354
359 357
359 630
630 631
